FlamMap_files/Wind/wind_speed_S3-4-7-8.asc
NCOLS 334
NROWS 300
XLLCORNER 372000.000000
YLLCORNER 5724000.000000
CELLSIZE 30.000000
NODATA_VALUE -9999.000000
[rows 28 to 55 of 300, columns 189 to 251 of 334]
1.794168 1.927385 2.016977 1.820083 1.749473 1.641946 4.313867 3.578752 3.935617 3.686255 3.885215 4.471143 3.972739 4.058122 3.980546 4.340360 3.506867 3.562326 3.781266 3.357212 3.470321 3.797327 4.373486 4.174677 4.514010 3.952606 3.887748 4.020177 3.988595 4.225741 4.052938 4.083496 3.680383 3.702744 3.883276 4.769452 2.715054 4.063500 2.050611 3.154818 1.767337 3.338612 3.228787 3.524051 3.477204 3.342101 3.149712 2.726473 3.067683 2.741173 2.622991 2.594795 2.586684 2.745463 2.819767 2.804018 2.251485 2.732638 2.459682 2.765918 2.356452 2.622119 2.752201
3.763920 4.411977 4.807527 2.200441 2.098294 1.937489 1.876733 4.121887 1.518411 3.281608 3.958658 4.311370 4.091982 3.931659 4.184611 4.345748 3.557841 3.468337 3.809862 3.792058 4.552665 4.417973 4.623709 3.527419 4.058961 4.374257 4.874228 4.476041 3.852043 4.794444 4.546899 4.222505 4.865283 4.711064 5.268769 4.903342 2.412834 2.163819 2.577703 1.980836 4.728502 4.328143 3.515984 3.442251 3.800162 3.312196 3.356091 3.118306 2.734325 2.631496 2.523630 2.596894 3.235298 3.157028 3.095672 2.781457 2.998259 2.924315 2.670006 2.813249 3.217586 3.705172 2.475772
3.764858 3.437717 4.697955 3.071584 2.228730 2.112334 4.044682 4.935881 4.195038 4.234025 4.631866 4.378698 4.605005 4.325653 4.068288 3.829724 3.926138 3.984404 4.716053 4.249497 3.527978 3.939955 3.882453 3.713207 4.251595 3.872356 4.619708 3.813051 4.862127 4.318579 4.262666 4.039418 4.293794 4.963848 2.406001 3.546165 4.459268 3.610663 2.888733 2.889339 3.878061 3.368394 3.461169 4.476914 3.587749 3.155802 3.162507 3.090367 3.425178 3.154712 3.588506 3.725891 2.178217 3.593583 2.884317 2.845742 3.125566 3.740738 4.059353 2.052129 2.345354 0.967814 0.960899
1.707472 1.477988 2.342281 1.813982 2.302292 2.170028 2.223522 4.901821 4.935781 5.233709 5.000525 1.950079 1.881966 2.790768 4.920850 4.417129 4.586414 4.476840 4.848887 4.688451 4.302593 4.422093 4.494463 4.402005 4.297264 4.730263 4.129343 4.107285 3.855841 4.322171 4.336720 3.960598 3.980430 3.609891 2.506505 2.544710 2.464554 2.834614 4.546972 3.757832 4.439422 4.667395 3.558698 4.254702 4.786407 4.740446 4.324567 3.727869 3.404964 3.275894 3.730642 3.241432 1.006021 2.595862 2.650369 4.324891 1.148386 1.231571 1.182107 1.043016 1.156408 1.093846 1.283540
3.529709 1.987656 3.313875 1.850613 2.217180 2.814862 5.320349 4.505076 4.580742 4.222340 4.096659 3.125841 3.599490 2.169076 2.329659 2.985933 4.753675 4.578328 4.807612 4.569922 4.951970 4.934841 4.992340 4.828624 3.451771 2.963971 4.472222 4.389256 3.775945 3.629519 3.774996 5.066291 3.334782 3.623050 2.683747 2.857779 2.819114 2.744673 3.886404 4.498347 3.460882 4.033293 4.201555 3.328092 2.676218 1.894408 2.904041 3.210754 3.435650 3.933169 3.278476 3.234899 1.293488 3.004039 2.716199 4.141013 1.218506 1.263927 1.268765 1.191592 1.154302 1.114314 1.652165
2.163277 2.261556 1.864917 1.957639 4.728826 3.814044 4.293418 5.364782 2.475470 2.603726 2.631420 2.536540 2.604837 2.466514 3.248327 2.366992 2.506972 3.122145 5.146878 4.818894 4.581291 4.721324 4.563873 5.153589 4.887467 4.439757 3.207855 2.305134 3.295764 5.418118 5.269059 5.242743 2.053627 3.190598 2.507091 2.800550 2.790473 2.766952 2.659967 3.531886 3.313582 2.229593 2.850082 2.518150 2.095711 2.023891 1.768689 1.483540 1.465492 1.582679 4.334535 3.969532 1.426604 1.236939 1.404832 1.499058 1.209673 1.269353 1.180365 1.338906 1.290039 1.247018 1.419650
2.437699 2.083804 2.062995 2.153768 2.848303 4.863898 5.358035 5.648989 2.653926 2.675714 2.726052 2.708655 2.802658 2.715268 2.947523 2.838411 2.791843 2.695131 2.381308 2.402085 2.450378 2.467454 2.709763 2.673206 2.294464 3.403352 5.080299 5.060058 4.279264 4.548756 4.255143 4.699257 5.172101 5.222702 2.695762 2.606738 3.650105 2.720995 2.938605 2.836772 2.683954 2.298957 2.410293 2.393862 2.511383 2.224650 1.987755 1.743968 1.579919 1.440547 1.621310 3.171809 1.438372 1.387762 1.621929 1.654881 1.629510 1.658899 1.515939 1.470855 1.412223 1.355169 1.288727
2.715939 2.350318 2.651629 2.113960 2.918575 4.593447 5.003098 5.475661 3.011615 2.602811 2.837315 3.051453 2.840965 2.880971 2.877441 2.863950 2.820217 2.983280 2.908337 2.640511 2.643616 2.658545 2.671115 2.662504 2.570966 2.675228 2.366787 2.363362 2.463683 2.585991 2.558365 2.422255 2.294695 4.195545 2.339544 2.654109 2.728320 2.932877 2.599829 3.500476 4.846853 5.182084 5.317870 5.242659 4.685408 4.283682 4.823673 4.723531 4.876218 4.407493 2.838714 1.746292 3.482209 2.101586 1.451083 1.441644 1.452847 1.503866 1.556510 1.547192 1.504459 1.446617 1.380723
4.207597 2.235196 2.774668 2.192259 4.560824 4.760002 3.830208 2.654964 2.932828 2.655160 2.912308 2.899384 3.170146 2.983392 3.000498 3.014384 2.990988 2.937768 3.054789 2.881042 2.886606 3.021526 3.094743 2.875441 2.805519 2.943690 2.633348 2.621961 2.621381 2.630669 2.855055 2.550297 2.670650 4.344048 2.806631 2.779584 2.588947 2.539040 2.704273 2.658761 2.596795 2.790004 2.365564 2.407467 2.395462 2.462764 2.376759 2.475139 5.022239 4.713210 4.549202 4.568951 3.707226 4.024648 4.588878 4.471009 4.356944 3.142792 1.606991 1.862124 1.571691 1.533461 1.470327
4.757749 4.251803 4.473223 5.359773 5.117971 3.602175 2.629185 2.685832 2.948571 2.891636 2.795903 2.945097 3.148547 3.054698 3.770301 2.990507 2.952121 2.970323 3.033425 3.050229 2.904536 3.015613 3.174291 3.051812 3.007349 3.332276 2.878243 2.886338 2.892841 2.856587 2.801676 2.720599 2.381889 3.765826 2.825047 2.806564 2.836396 2.566924 2.756488 2.480498 2.681382 2.622142 2.804669 2.411824 2.398535 2.371089 2.321902 2.298853 2.242546 2.110113 1.941975 1.769594 2.669073 1.764009 1.715539 1.627732 2.357596 1.614430 1.515743 1.472951 1.642866 1.629473 2.219839
4.959809 4.635423 4.357412 5.294897 5.103915 3.649149 2.502373 2.926113 3.080526 2.913049 2.708844 3.015601 3.017183 3.108904 3.119753 3.286150 3.172375 3.164804 3.128420 3.123574 2.906987 2.957507 3.121995 3.160796 3.381811 3.494367 3.077415 3.060952 3.079601 3.050698 2.998889 2.737656 3.338359 5.160459 2.970319 3.037626 3.006164 2.989600 3.717807 2.739157 2.714358 2.668035 2.770525 2.722404 2.728458 2.665418 2.604508 2.520620 2.317228 2.122787 1.985421 1.811104 2.675449 1.665880 1.874765 1.935076 1.948572 1.932496 1.899498 1.717880 1.683658 1.713192 1.662869
4.981227 4.438433 5.143560 4.875719 2.502591 3.176657 3.428527 2.771967 3.149136 2.930248 2.953582 3.201543 3.053241 3.126415 3.215591 3.155617 3.192876 3.191990 3.168649 3.146608 3.128046 3.164540 3.287206 3.391088 3.408748 3.154415 3.280021 3.305859 3.320439 3.303910 3.273726 3.174372 3.853324 4.004755 2.768609 2.890718 2.918749 2.829426 5.822587 4.763503 5.751646 5.031269 4.015656 2.743703 2.725776 2.608004 2.548639 2.530942 2.537833 2.446303 2.333840 2.190918 2.295897 2.071525 1.843616 1.951339 1.906051 2.031667 1.819594 1.783883 2.796783 1.687883 1.757402
5.047789 5.169565 4.555112 3.059632 2.256069 3.143307 4.129721 2.889834 2.741636 3.053480 2.896504 2.971794 3.022612 3.098519 3.384109 3.460015 3.248019 3.246497 3.226639 3.202647 3.165453 4.883522 3.126866 3.178429 3.222825 3.243866 3.177636 3.190589 3.221464 3.225321 3.445085 3.172407 3.300342 3.160527 2.972648 2.899466 2.921773 2.915947 2.955312 2.775204 2.663031 2.649816 2.657938 2.680750 2.799227 2.800082 2.763318 2.699120 2.605787 2.505707 2.401970 2.311303 2.860900 2.309190 2.171732 2.097578 1.968113 1.993980 2.148430 1.920120 1.750663 2.580822 2.473186
5.010677 4.731122 2.145081 2.153610 2.094832 4.048270 3.357477 2.630253 2.746803 2.765486 3.064121 2.926816 2.825465 3.061220 3.115566 3.434514 3.491887 3.278365 3.270203 3.256608 3.249361 3.061911 3.149127 3.180731 3.320792 3.068871 3.279560 3.209526 3.170597 3.229030 3.199295 3.177349 3.140355 3.006086 2.880751 2.924789 3.041597 2.964342 2.880662 3.099820 2.852060 3.019368 2.840723 2.924647 2.945606 2.933678 2.916152 2.878233 2.803745 2.709675 2.617093 2.412815 2.769566 2.184649 2.237496 1.978841 2.148639 2.231212 2.163654 2.113367 2.157258 2.656607 2.592799
4.890356 4.710650 2.078227 2.144314 2.757330 4.605067 3.260500 3.063228 2.649990 2.658122 2.738244 3.071056 2.995648 3.047442 3.069965 3.140444 3.453031 3.454389 3.497506 3.495412 3.267600 3.109204 3.176133 3.153872 3.379048 3.079928 3.157736 3.340814 3.399075 3.421901 3.474716 3.446813 3.316117 3.148365 3.035417 3.012371 2.944827 3.062149 2.953493 2.908449 3.054897 2.847318 2.851540 2.832836 2.790520 2.759620 2.740190 2.714696 2.647684 2.555686 2.474235 2.338716 2.802312 2.203075 2.339221 2.103322 2.208754 2.445939 2.320391 2.307894 2.128024 2.844176 2.710239
4.362223 4.268577 4.699812 2.693470 2.185019 2.756175 2.858019 2.678114 2.426795 2.501215 2.654297 3.236684 2.915977 3.077202 3.052707 3.099665 3.172309 3.218561 3.235979 3.462265 3.410617 3.240929 3.159372 3.114826 3.234958 3.238047 3.317245 3.370286 3.404969 3.313232 3.438784 3.278315 3.434904 3.421305 3.360946 3.307496 3.039476 2.970124 3.059269 2.984931 2.933965 3.126604 3.039578 2.859574 2.834894 2.793530 2.764588 2.744164 2.450967 2.599447 2.526045 2.190203 2.840349 2.171528 2.226989 2.125291 2.195616 2.529840 2.707619 2.680412 2.540874 2.675824 2.880272
4.541566 4.875363 2.096040 2.141538 2.174346 2.001124 1.722135 1.962545 2.923962 2.499099 2.971855 3.130854 3.067274 3.180388 3.228661 3.297238 3.431613 3.456770 3.181663 3.205548 3.218411 3.189305 3.138013 3.069483 3.063503 3.350719 3.235725 3.342680 3.646067 3.646004 3.843301 3.591223 3.594414 3.587289 3.558592 3.502794 3.460858 3.246126 3.132289 3.050853 2.998990 2.929772 2.867514 2.841268 2.833335 2.812802 2.794039 2.674141 2.710015 2.607291 2.704833 2.249616 2.896121 2.345843 2.441903 2.592229 3.932759 3.038092 2.671979 2.636742 2.679324 3.193302 3.042629
2.107696 3.233119 3.570782 3.992220 4.678343 4.930304 3.830735 2.709710 2.619155 3.321893 4.526519 4.718174 2.927358 3.416472 3.171014 3.240016 2.939323 3.377335 3.440467 3.149971 3.197415 3.012015 3.011024 2.984590 3.124418 4.132532 3.607178 3.205327 3.344617 3.420290 3.418291 3.387760 3.389515 3.396043 3.397481 3.366762 3.309605 3.240482 3.160181 3.083612 3.042037 2.837873 2.932144 2.866121 2.837075 2.753057 2.717206 2.820081 2.525020 2.627508 2.626337 2.564558 5.009400 4.730159 3.958028 3.118562 3.905955 3.734749 3.950881 3.276293 3.208773 3.472471 3.537012
1.951496 1.931473 2.069873 2.092584 4.867802 4.779556 4.767420 3.537770 4.728198 4.851707 2.852843 4.075142 2.480818 2.474105 3.815660 4.318139 3.191120 3.091414 3.384391 3.618487 3.408235 3.304277 3.276498 3.410511 5.688114 5.388452 5.573265 4.912119 3.455919 3.715781 3.661105 3.704906 3.613596 3.392575 3.406437 3.407975 3.364696 3.285858 3.200232 3.124783 3.076034 3.046829 2.791715 2.767648 2.768936 2.839312 2.827204 2.834100 2.579240 2.675781 2.739573 3.560256 5.268611 5.055163 3.382977 3.243654 4.205550 4.271641 3.175422 3.090683 3.283463 3.364570 3.309025
3.904578 1.868821 2.340318 1.905894 1.917980 2.016141 2.081338 2.299734 2.496958 4.709892 4.456809 4.340195 2.309083 2.460784 2.351885 2.453290 3.118832 2.687415 3.560685 3.346974 3.355713 3.990397 3.506711 3.481600 4.679538 3.518032 4.847020 2.707177 5.689949 3.684381 3.624691 3.601003 3.716704 3.373995 3.403057 3.420551 3.397810 3.331031 3.240958 3.240478 3.103604 3.045698 2.997530 2.945440 2.897841 2.848569 2.815406 2.818400 2.851709 2.659125 3.853024 4.360377 3.466555 2.686017 3.129196 4.410028 4.061512 3.670387 2.785766 4.922173 3.791128 3.080302 2.467803
1.950803 3.846824 4.101209 3.809857 2.490840 1.957117 2.047693 2.058647 2.031579 2.076763 4.092537 5.155272 4.830733 4.383227 3.937052 2.497711 2.639978 2.596041 3.014017 2.832601 2.890652 3.525111 3.083720 3.145415 3.091324 2.814797 3.025890 4.233664 5.199761 5.491163 3.407687 3.549607 3.615320 3.637837 3.604870 3.404627 3.405257 3.359843 3.266317 3.396551 3.338911 3.045009 3.079344 3.089265 3.103652 2.852298 2.977448 2.784899 2.969440 3.030780 4.615959 2.945806 3.217959 3.080275 3.930875 2.357409 2.910172 2.771311 4.714543 4.728887 3.561047 3.240538 2.515683
1.441350 1.669477 2.920037 1.883838 2.145474 3.090190 4.643450 2.619681 4.038601 1.807265 2.031801 4.401722 2.342006 2.479260 3.095150 3.837326 5.714094 5.649608 2.922677 2.704957 2.722672 2.754104 2.863771 3.033091 3.476596 2.940832 2.748226 2.239493 4.381715 4.684437 3.038073 3.069534 3.156777 4.402874 3.613350 3.362753 3.392051 3.377268 3.304145 3.192360 3.332614 3.125349 2.968557 2.916676 2.887846 3.024562 2.798093 2.945397 3.691296 5.502667 3.516157 3.124225 2.774430 2.860176 2.571307 2.810148 2.126185 2.171752 2.450638 3.272362 3.916622 2.856912 2.740685
4.314273 4.572029 2.001201 1.945600 1.818101 1.780064 3.385991 4.047943 4.741859 4.873452 4.919692 2.183223 2.131635 2.472123 2.518443 2.521752 3.215506 3.390345 5.826909 5.805332 3.691028 2.866966 2.996804 3.073795 3.055241 3.249593 2.944675 2.460341 2.798427 4.594328 4.235029 2.855059 3.049371 3.315110 3.438966 3.279749 3.348278 3.370802 3.343098 3.249643 3.139119 3.063748 2.989738 2.933694 2.896840 2.850234 2.814996 2.931037 4.769199 4.598842 3.065812 2.974778 3.094448 2.875955 2.823588 2.484714 3.137688 2.968614 3.241362 4.327976 2.191403 3.433428 2.759508
3.079087 3.628247 2.896327 2.634229 1.652885 2.091271 3.006729 3.425422 3.158191 2.944840 4.800885 3.958061 5.024635 2.486293 2.502760 2.366713 2.599247 2.894929 2.805979 2.909562 2.896981 5.230966 4.023159 2.744393 2.905810 2.963311 3.102016 2.952739 2.331168 2.335144 4.884509 5.364373 2.818778 3.020179 4.251833 3.733562 3.490028 3.310724 3.333839 3.290371 3.188277 3.084382 3.010365 2.949396 2.897715 2.843230 2.821638 2.712657 4.764114 2.749398 3.081780 3.214238 3.156057 2.878678 2.855542 2.596764 2.490080 2.881424 3.411000 3.375116 2.837460 4.015596 2.397550
4.255409 4.287802 3.609926 3.672877 1.571214 1.547594 3.551882 3.524855 4.118741 4.200365 4.601732 3.108070 3.050760 2.308491 3.657272 2.500354 2.607051 2.500645 2.694047 2.905990 3.106430 2.804159 5.677870 5.138043 2.966200 2.845028 2.918036 2.742994 3.116655 2.163537 4.997514 4.439331 3.146398 3.017641 3.610662 3.322400 3.468444 3.408703 3.487485 3.259300 3.208419 3.112295 3.034223 2.965705 2.881120 2.816475 2.815126 2.886525 5.317070 2.739402 2.957470 2.833480 2.926983 2.610849 2.838571 2.829404 2.795329 2.827814 2.740779 4.405005 3.264334 3.272937 2.460633
4.176456 2.767411 4.186293 4.188832 3.141922 2.812995 4.399114 4.358143 4.180436 4.154968 3.198126 2.763433 1.928043 2.174852 2.859929 2.515499 3.408891 2.651315 2.808560 2.923653 2.914867 2.823261 2.701864 2.852875 5.712687 5.684267 2.787411 2.745051 2.704401 2.604431 3.346917 4.968720 2.938774 2.838144 2.991827 2.994716 3.638108 3.126518 3.382592 3.187366 3.172151 3.122216 3.060730 2.985259 2.861431 2.749794 2.574575 5.544872 4.130418 3.274948 2.872724 2.800941 2.911125 2.710276 2.722270 2.794746 2.928435 2.756428 4.315453 2.429786 3.765218 2.680039 2.389936
3.192925 4.032152 2.913417 4.190585 4.412500 2.752209 3.562088 3.357253 4.258721 4.376470 2.293968 3.728200 2.703676 2.056295 2.383241 4.518105 4.216859 3.194034 2.617528 2.796014 2.867978 2.864037 2.753756 2.577232 4.038144 5.572334 3.092584 2.962831 3.023322 2.630196 2.896011 4.012351 4.877191 3.014443 2.938366 2.995326 3.323396 3.106930 3.298973 3.123698 3.107669 3.090990 3.061800 3.001165 2.882286 2.712020 3.833045 5.528366 3.126394 2.955052 2.870687 2.718610 2.627472 2.546857 2.610323 2.773475 2.918427 4.172675 2.773408 3.932636 2.568108 2.713614 2.590043
3.308355 2.273091 3.733485 3.894547 4.128713 4.278536 2.861656 3.625904 3.607607 2.734814 4.228770 3.706695 2.557332 1.915535 2.083107 2.699522 4.908778 4.938358 5.146338 3.095474 2.721109 2.773481 2.775778 2.668988 2.502081 2.381362 4.783039 4.941425 3.180132 2.912794 2.424942 2.350278 4.485656 4.820799 2.956593 2.823091 2.981646 3.289562 3.359435 3.082624 3.054292 3.043778 3.033370 2.995980 2.923234 2.561328 5.353546 5.330315 2.713076 2.729098 2.926905 2.794764 2.769309 2.348820 2.880481 4.613823 4.334645 4.189798 2.518705 2.200390 2.434419 2.464501 2.534234
