FlamMap_files/Wind/wind_dir_S3-4-7-8.asc
NCOLS 334
NROWS 300
XLLCORNER 372000.000000
YLLCORNER 5724000.000000
CELLSIZE 30.000000
NODATA_VALUE -9999.000000
[rows 75 to 99 of 300, columns 171 to 227 of 334]
252.725525 252.822159 249.651550 242.277222 240.787155 239.630066 238.790329 238.395142 237.571259 236.157959 235.544189 235.371094 235.628616 236.408295 222.355728 225.781540 230.518143 231.530991 231.714096 231.129730 227.744766 224.798904 220.580429 224.519348 223.932571 222.315399 224.486359 229.571472 235.357773 237.969635 237.703812 236.692978 247.173203 250.561264 252.628983 249.496277 244.373367 239.035202 237.525269 236.449524 236.555573 237.070587 244.324295 244.307632 239.348999 235.651871 235.778900 237.417679 246.963898 241.321686 244.546616 245.928101 246.934509 248.051422 248.653992 248.441635 247.415009
254.175598 252.835510 248.544907 242.740723 241.724182 240.711502 239.473419 238.746918 237.869980 236.858887 235.447983 235.637634 236.168976 237.036545 234.827118 236.707001 229.346695 223.562164 233.007278 231.272507 227.151520 222.092255 220.122559 221.676437 221.160751 224.460815 227.185989 233.543549 237.805588 238.157516 236.429077 243.608582 247.837479 247.623657 247.115540 245.412521 242.671295 238.870193 238.893692 238.441849 238.666214 238.437317 239.326965 239.051163 241.473480 240.100235 237.059021 238.133957 239.286636 242.252228 245.121033 246.375656 247.421173 248.500000 248.867615 248.499496 247.292023
253.546982 251.096268 248.863525 244.142319 242.778351 242.123520 240.969772 239.953949 238.105057 235.375397 234.270416 234.958176 235.468475 236.333374 236.654373 235.354568 236.534256 235.304626 232.515808 230.653442 228.345978 225.029800 221.630920 220.647736 221.358063 226.945206 230.897797 236.839310 239.070480 239.298859 245.285767 252.089981 258.040375 257.914215 252.087219 253.671036 249.433182 245.631500 238.050262 238.543884 238.227829 238.447876 238.637131 240.592972 248.649277 239.327576 238.427811 239.137848 239.568527 241.366302 244.247650 245.711716 246.866837 247.986053 248.182068 247.625397 246.737701
248.668610 249.653946 247.069214 244.879944 242.836426 242.147034 241.081161 239.966232 238.025818 235.202637 234.181244 234.354874 234.641220 234.678070 235.558609 235.274414 234.477478 232.582001 230.732239 230.240601 229.353516 225.807968 224.650528 225.754791 226.578537 228.337311 234.339066 237.863480 239.101746 235.153458 249.730698 260.688538 252.400070 246.568710 258.971619 252.953506 245.688950 236.022354 237.057449 237.038895 240.447418 244.896515 240.382370 241.261963 240.624710 253.084518 239.602951 240.062576 240.500671 246.209290 246.510834 244.537506 245.578705 246.823273 246.616348 245.084534 243.688187
251.314774 249.150742 247.026825 247.852448 250.289429 249.129471 240.319611 239.033966 237.370193 235.526794 235.005966 234.253586 233.619522 234.145828 239.216919 234.897461 233.458328 231.833954 229.159805 230.000198 229.741409 228.898392 227.580856 226.106735 228.536621 232.972748 235.058563 237.696518 231.258804 232.776749 242.419617 243.764450 244.504379 243.658676 244.762070 244.061340 244.561157 238.913849 237.817963 237.744324 238.097275 238.559692 238.644394 239.475739 240.278290 240.457123 241.029892 241.936081 244.814941 248.340347 241.423508 240.696609 245.596008 244.448914 245.742340 243.494446 241.017242
247.977814 248.343506 245.656357 246.828415 249.172760 244.886490 239.993332 238.399460 236.708527 235.453156 234.901688 233.757568 233.124130 234.262177 236.227753 235.408752 233.466034 230.175247 230.123077 231.335526 229.711594 229.945953 228.046021 229.734009 230.501938 234.170380 236.488815 238.193481 230.525497 230.594360 240.569885 244.299011 244.684647 244.050613 244.026169 242.145950 238.485962 237.363342 238.585342 239.255341 239.309982 239.098236 238.362549 238.231644 238.368729 238.952103 240.596252 241.954208 242.728516 243.968414 249.517166 246.762299 246.177353 246.123230 244.998810 242.985291 240.564072
250.984909 249.154007 246.558929 243.178360 241.989960 244.808502 237.944489 235.080917 235.956818 234.643677 232.765076 232.882813 232.274261 235.329803 240.721771 235.212158 232.645630 232.056351 228.156433 228.543152 229.235901 226.741135 227.498611 228.077652 234.775497 234.855194 235.401932 234.737015 243.435394 242.823212 240.230881 243.126587 244.148895 244.604980 243.297180 242.396912 239.762009 238.204178 239.068283 239.888260 240.061630 240.415939 240.703613 239.610443 237.200806 236.862167 238.550430 239.667938 241.494492 244.094177 248.448395 247.028580 246.837784 250.366318 248.847351 246.893433 240.432205
248.074097 249.507599 246.551636 244.273499 245.355988 243.280716 234.537842 231.429626 233.412399 232.198441 232.356720 231.076035 232.947861 240.335754 233.642380 230.008286 233.067093 232.330872 231.877930 230.226501 228.949829 227.712402 227.998962 230.862976 231.924530 235.676346 242.017273 252.900146 248.012512 229.819885 240.735046 242.682388 243.171494 250.095230 241.810104 240.833984 240.025314 240.151093 240.710876 240.543259 240.218399 240.717773 242.342209 242.391983 240.163315 238.975281 239.598511 239.529755 241.175781 243.913040 248.840134 247.747406 248.190735 242.682022 244.701645 239.173340 239.974030
252.387207 248.854813 245.295044 244.335129 246.395493 241.079132 232.933228 223.395844 232.443146 231.038025 231.272964 230.858719 238.441101 241.974564 236.554718 235.641006 228.460052 232.119003 230.878555 230.906281 229.902039 229.305145 227.743484 229.237305 231.863739 237.713837 284.567871 255.006561 239.857254 256.014984 241.905396 243.168289 242.401688 241.534515 240.573898 245.025574 242.306671 242.978287 242.743912 241.750717 241.188919 240.921158 241.535965 242.387009 243.023834 243.086304 243.492691 242.295578 243.199692 244.610016 247.226044 251.476807 253.259109 247.560776 245.384491 242.394424 239.818756
252.627029 248.691528 246.586121 244.056442 242.801529 236.580856 229.324036 224.178864 234.186859 232.460785 231.637146 231.382492 233.474106 236.057922 230.349609 232.565735 233.766800 232.179413 231.125412 230.418610 229.553528 232.041672 227.139206 228.898224 230.978683 235.350204 239.648773 264.130127 250.290131 242.148224 242.637787 243.464096 242.477036 241.140991 239.604965 240.205856 243.257111 245.629623 245.883835 243.915039 242.085190 246.395081 242.407791 241.612946 240.330505 242.632385 243.497940 243.995361 248.191895 243.680023 243.727570 243.476791 245.827728 250.732574 249.458725 243.609497 240.289703
250.473984 249.814972 247.890320 247.237167 243.845474 236.820084 234.466232 235.585892 234.160599 233.163910 233.135757 232.480270 239.365601 233.527802 233.473831 232.584564 233.778107 233.934052 233.033051 233.011063 233.106949 230.896942 230.464752 231.959183 233.726196 235.786911 239.507385 242.985367 286.139343 259.919891 242.724594 242.949936 242.727142 240.897736 238.977417 238.206604 240.321579 240.773087 241.830017 242.659210 243.102921 243.640564 243.381866 243.637268 239.131241 242.309357 241.042313 243.855988 245.047134 243.738007 242.884628 242.702408 241.269577 241.921799 242.143295 241.386993 240.259293
251.241623 248.825562 247.412598 246.019165 241.264633 234.869736 233.967346 234.697937 233.831451 233.495102 232.930557 233.649780 231.731140 235.266068 234.275436 234.151596 235.245544 234.651123 233.362732 232.338989 233.571899 231.904114 233.245499 233.699432 236.032837 237.004410 238.974335 242.420319 243.689163 282.209167 243.235260 241.855606 242.080963 241.728424 239.233521 237.863342 238.810226 238.733368 238.213013 240.986557 243.258301 242.992477 243.511703 243.612869 241.073456 239.545120 239.437042 241.886093 241.000870 240.513367 241.902466 240.653107 239.295807 239.192459 239.669724 239.666504 238.880554
251.960983 250.163315 247.916000 246.787537 239.287720 232.291702 235.739868 234.655945 234.289749 239.966492 233.747513 235.527634 236.296555 235.439209 235.661545 235.524521 235.858063 235.528015 233.738525 233.874527 234.495758 234.258545 234.061264 234.983002 237.635239 238.604263 237.743530 241.448532 243.463226 245.671158 246.143997 242.296967 243.005508 241.602905 239.047043 238.323135 239.733322 239.234146 238.740662 238.658722 241.724854 241.571060 241.704178 243.068405 241.896957 241.390060 241.782425 241.707932 239.837814 238.872787 239.931854 243.331390 238.703049 238.609756 237.744186 237.460098 236.693573
251.285568 249.984207 248.971100 245.771790 237.334015 236.151230 236.000610 234.814468 234.709641 234.964294 229.414520 235.799225 233.335464 234.348999 236.301651 235.678619 236.365463 235.971527 235.003952 235.049088 234.413376 235.020737 235.600967 236.606125 238.713928 238.152298 238.816208 241.406296 242.405869 243.258957 261.415649 258.701172 248.816132 244.256027 239.518066 238.010910 240.238220 239.974365 238.280869 239.410202 240.022690 240.983063 241.364166 241.503220 242.151672 241.433578 242.342743 241.977371 240.498840 240.172867 240.701248 240.567566 240.620819 240.663071 240.121124 238.661835 235.918121
251.812469 250.284012 244.477325 243.735687 238.130295 238.609772 236.963181 236.575790 241.276947 231.990372 231.602112 232.190948 234.552979 235.404755 235.821655 235.786835 236.067871 236.021530 235.885910 235.161758 234.935776 235.168991 236.638962 237.464874 239.506058 241.216400 241.361221 241.439072 242.071503 246.226440 243.301926 313.138428 285.220367 250.813919 244.797272 240.656143 242.265045 241.171066 239.855576 239.464844 241.602676 242.254990 241.641953 241.797791 240.532715 240.523849 241.164413 240.829697 240.414963 240.691818 241.068588 240.786331 240.983337 241.465881 241.674500 242.765579 240.185928
252.294250 252.801712 244.200119 242.480743 241.198669 240.632935 239.336395 234.444290 238.443481 238.438461 237.919785 236.402420 234.903244 235.088989 235.501373 236.044312 236.645065 236.464371 236.111984 235.886017 236.043213 235.855789 237.421158 235.924713 237.439575 240.281158 240.642105 241.287140 242.080627 242.673920 243.494202 245.065979 295.419006 248.367325 249.045914 248.514038 244.450668 243.521240 242.002319 240.685272 243.328766 243.158386 243.689072 240.928558 239.273468 238.780792 239.215332 239.742905 239.220825 238.991379 239.189682 239.066956 238.432022 238.603271 239.027954 239.895889 239.400940
249.004395 245.688156 248.464096 240.944946 242.381241 242.779022 242.412598 239.999542 239.641922 239.037979 238.883514 238.280136 236.064819 235.384613 236.170227 236.862839 236.867920 236.457733 236.347656 235.528091 236.756592 235.426102 236.556931 237.221237 239.328186 239.359756 240.098190 245.603516 242.365265 245.107956 244.081177 243.826157 245.010605 246.424057 246.053955 243.528107 245.035294 245.261261 245.304703 243.566574 242.696793 245.081299 242.133560 240.424347 238.021896 236.447678 237.499680 237.777618 237.275604 234.806671 234.069427 233.905975 233.827393 234.150650 234.380753 234.480072 234.437088
248.758713 245.194061 247.332214 242.230148 243.391663 243.392670 239.346802 238.559830 240.123978 238.960663 238.432861 238.096924 237.843781 238.305771 238.532059 237.877991 237.310760 236.761887 237.231674 237.157394 237.279724 235.270096 237.171494 238.732086 239.148911 240.182770 239.405014 241.211838 242.633865 243.588669 245.056122 243.596008 243.880920 243.870987 240.512527 241.510941 243.829010 244.216537 245.177826 246.510223 242.685349 243.141296 241.132706 238.780609 236.763229 235.855591 236.895920 235.021301 224.758347 223.802902 228.918152 230.052216 230.247665 231.158386 232.038742 232.195175 232.113007
248.614578 254.857254 247.650253 242.929291 244.058640 242.944244 241.344284 233.095245 239.920670 239.554489 238.300476 236.294479 235.480774 236.662460 237.953110 237.705338 237.924667 237.120285 237.281754 236.605377 236.025009 236.214905 238.187576 238.029846 238.670929 240.265228 240.926788 242.825638 244.217316 245.869644 244.633667 244.482742 243.908356 242.604279 239.494080 240.346268 243.065781 243.268982 242.579941 241.546417 241.297028 241.403885 240.035767 239.591736 237.023346 234.147247 237.037170 234.540115 218.942139 219.471939 225.915588 227.991486 228.843643 229.830643 230.741425 231.185455 231.219757
260.944946 252.357574 244.310501 244.540192 244.728531 242.716171 237.182922 234.331329 237.563522 239.155457 237.981842 237.051453 235.562393 235.340942 236.036667 236.703384 236.567413 235.634384 236.634247 236.626938 235.697189 236.233505 235.587250 236.417328 238.962906 237.611221 238.434021 239.417725 243.696045 243.104828 244.143051 243.941330 243.492447 242.149597 239.504776 240.095612 242.074844 245.079147 245.253021 244.004929 245.127792 239.567398 240.912003 239.862274 238.923386 237.876831 236.531097 232.921890 216.936356 218.868347 225.284119 227.134888 228.051941 229.184814 230.116928 230.647614 230.931564
247.668488 243.674759 244.661285 244.888809 245.811386 243.244156 240.043762 237.920013 236.417984 232.213547 236.394165 237.006348 236.241287 235.389618 236.389328 236.565048 236.390976 236.466675 237.483215 236.371857 234.892746 236.281281 236.284103 236.023529 238.394226 238.538239 238.627808 239.437546 239.358841 243.123596 242.677505 244.023544 241.397827 240.011292 238.244400 239.079697 242.448944 253.581619 246.041107 245.084885 245.671707 244.412216 244.061005 240.585724 240.711365 239.467896 237.529526 234.193634 216.979874 219.854141 226.412460 227.749786 228.222824 229.296326 230.047211 230.577713 231.085159
245.887863 244.529480 243.617340 243.878540 244.578461 242.873245 240.002548 238.453873 234.849762 230.820511 236.298035 233.537338 235.021957 235.939240 235.764099 234.405350 235.923111 236.225342 236.602997 236.094025 233.890091 233.922470 234.521698 236.335632 235.893433 236.575821 239.926132 239.382080 239.816681 241.400757 244.950943 242.398026 240.824371 238.592728 237.139221 238.357422 241.632309 243.748505 243.424698 243.153488 251.758865 242.494812 243.820251 242.786102 240.860901 241.712708 240.475937 237.295959 219.110901 222.412613 229.063339 229.724548 229.614197 230.216660 230.689606 231.355988 231.815369
245.866760 244.621857 244.184067 244.587387 244.201340 241.141220 241.540985 240.776550 239.468460 237.857162 239.912109 239.118347 237.911301 236.381592 234.507126 235.017365 234.567276 235.034790 235.482803 236.020538 233.486038 233.123978 236.089951 237.132324 235.146317 237.792725 239.816040 241.653793 253.930603 257.819580 263.978821 254.845612 241.166687 248.388962 238.992096 239.505142 241.334442 242.413589 241.472977 241.102295 240.649460 241.888977 233.926376 242.795868 242.225586 242.297882 241.104950 238.672333 236.563461 227.172485 233.165085 232.796082 231.659454 231.308365 231.735779 232.606720 233.128113
247.496933 246.054871 245.206192 242.490234 242.062042 242.122559 240.150421 243.529434 242.191559 239.410294 240.040482 241.224686 240.176743 237.155243 233.722641 234.266891 234.253555 233.852066 233.966385 236.361816 235.425522 236.747086 238.330215 238.979843 236.149261 248.423660 249.274490 253.671875 258.582733 258.421997 248.881042 256.291351 259.883423 242.076569 241.783279 240.440292 240.900467 240.471970 239.778336 240.058762 241.334396 243.696838 244.814438 242.794479 231.732040 237.349503 241.111008 238.835754 238.019958 234.466232 239.144760 237.453094 235.365021 233.691406 233.514221 234.191910 234.746567
245.527466 245.647415 245.370193 243.434692 243.083527 242.364441 240.390778 241.793137 241.066162 238.517609 236.996338 239.293564 240.246338 238.985947 237.798187 233.694534 237.571396 235.692596 236.036774 243.309967 245.305130 246.608643 241.872360 241.621140 245.107468 250.884628 249.606644 251.672516 254.411423 253.145599 249.398010 250.747818 255.915588 245.658752 242.560120 259.153259 240.371918 238.858978 247.352600 239.500137 241.767715 244.033936 243.754059 243.654602 244.790604 240.943130 242.498169 240.928497 240.159897 241.167007 247.365280 244.416718 240.639191 238.012848 236.184891 236.730484 236.755447
