FlamMap_files/Wind/wind_dir_S1-2-5-6.asc
NCOLS 334
NROWS 300
XLLCORNER 372000.000000
YLLCORNER 5724000.000000
CELLSIZE 30.000000
NODATA_VALUE -9999.000000
[rows 150 to 174 of 300, columns 228 to 284 of 334]
241.317642 232.571213 239.185959 241.275635 241.178497 239.136276 239.535538 240.815491 240.422150 239.515228 240.209579 240.381241 239.720932 239.827728 240.725525 240.386765 240.900177 240.327682 240.305008 242.031677 242.528870 240.910141 241.670029 243.730270 243.813599 242.482101 241.581696 241.449081 241.987915 241.277802 239.342499 240.513718 242.164719 241.059982 240.634445 241.972626 241.957687 242.128860 243.572144 245.527573 249.628082 249.122879 245.367813 243.632736 242.832123 242.831497 242.691177 244.227951 244.014603 244.447281 243.823288 244.264969 245.154846 249.847549 251.501953 256.325287 255.306244
240.234543 239.115234 241.619446 242.344421 239.169708 238.071625 239.580521 240.261353 240.596558 240.424698 239.656967 239.323502 238.954071 239.305206 239.582504 239.619797 239.259918 238.630737 239.074707 240.569092 240.161896 239.773697 242.061798 243.996124 245.096619 243.365402 242.311127 242.205154 242.854858 242.621353 241.415421 241.606354 241.476471 239.778427 239.881393 241.360809 241.183456 241.208084 242.564178 246.912537 248.408737 246.860962 245.177536 244.609802 244.434830 245.141022 244.519608 243.454681 244.235336 245.098495 244.622253 244.780579 245.668854 250.796585 255.063629 252.844559 251.927994
236.991119 238.314606 241.645432 241.595612 238.293350 236.743561 238.519394 239.387207 239.544098 240.015610 240.036530 239.284790 238.986481 238.825943 238.718430 238.326172 238.464752 238.377106 238.943497 239.273056 238.337433 238.080124 241.395462 244.956009 244.509766 242.978210 241.949036 242.166534 242.550781 242.651062 242.013657 241.806412 241.706665 240.788483 240.367813 240.225632 240.704880 240.996872 243.212341 245.809280 245.503357 245.665497 244.522446 243.721329 245.946762 246.516830 245.432678 245.128159 247.015594 244.826935 244.913879 245.653809 248.506088 250.172867 251.192780 252.779449 251.142029
236.001068 236.824921 240.716537 240.609344 238.319260 237.261826 237.570709 239.668640 239.399765 238.986053 239.202362 239.209427 238.806061 238.689880 239.168945 238.910980 238.202927 238.134003 238.701630 238.505936 238.380539 239.210587 241.340652 242.603882 242.185623 241.394974 241.010178 241.573196 241.836838 240.957382 240.092346 240.033798 240.985474 241.978409 242.267532 239.750031 240.634659 241.314056 242.025543 243.574478 243.392548 243.357010 243.144043 242.009674 241.910370 242.460068 243.695007 245.410217 246.102051 245.867905 246.431915 246.541977 246.829941 248.584702 249.176224 249.118973 249.914291
236.844681 239.480331 241.088531 241.070465 239.748856 238.406448 238.223373 239.554703 239.886673 240.072952 239.729156 240.055237 239.636124 239.914261 240.246689 240.172195 239.682404 239.411255 239.471634 239.373322 239.845169 241.722672 242.505127 239.796417 238.040955 238.483704 239.251511 240.713379 241.244370 240.376495 239.386566 240.005493 241.548157 242.982864 240.834961 241.115524 240.781769 242.038452 242.187912 242.774445 242.724030 242.315598 242.812927 241.341934 241.661301 243.729141 242.594452 244.868500 246.408234 246.898483 250.146378 248.316238 248.596359 249.540115 248.836807 249.042358 250.066620
238.954956 239.753723 240.728058 240.801727 239.410309 239.998825 240.561218 240.474442 239.879150 240.224884 241.274231 241.641846 241.696625 242.095581 242.173019 241.877716 240.985519 240.203979 239.882980 240.331680 241.524155 243.171036 242.298798 237.234604 234.758972 235.960114 237.597748 240.268127 240.692841 240.811295 240.236725 240.596527 241.366440 240.900391 240.303162 239.969727 242.667999 243.153885 242.583710 242.845963 242.119247 241.742249 242.213593 241.548645 242.230438 242.409180 241.973328 243.566833 244.989563 248.631393 248.637207 250.226242 250.606796 249.972397 249.532303 249.339661 251.003082
239.005722 239.420914 239.385406 239.752579 239.159637 239.303421 240.715149 240.864212 239.302902 238.602371 239.745621 240.758911 241.667068 242.286926 242.552261 241.807312 240.510330 238.303772 238.103806 240.458847 242.679749 242.027161 240.278030 234.988953 232.518219 237.163544 239.214859 239.920593 240.771667 242.011795 240.644302 241.091766 240.450287 241.705460 239.974274 240.331528 242.018738 243.648392 243.922455 242.147629 241.343719 241.394775 241.311447 241.264267 241.837616 244.468704 242.273209 245.022598 245.617783 244.018951 245.368210 246.477249 248.044022 249.063431 247.123718 250.477325 252.106812
238.631119 239.333115 239.502060 238.787292 238.216888 238.067261 239.426910 239.856201 238.026825 236.329742 236.816391 238.993546 240.992294 241.325500 241.669540 241.041626 240.071182 238.704193 239.227173 241.848495 242.932816 240.850021 237.318741 228.122452 232.256958 239.143204 241.068344 241.025299 241.505508 241.539154 241.135910 240.673523 240.373581 240.211212 239.909592 240.236298 241.478531 243.297379 243.211838 241.793564 242.313965 242.077744 242.048126 242.489944 244.077347 244.823807 243.789810 243.852432 244.195709 243.825348 242.894745 242.760712 243.128754 242.950592 245.265045 248.549652 249.499985
238.218918 239.394913 239.763977 239.382080 239.164398 238.525284 239.137589 239.709183 239.265137 237.689911 237.230438 239.298462 240.665253 241.317856 240.989990 239.922592 239.068375 238.906860 240.751968 242.820541 241.406342 238.584763 235.324188 229.920883 235.293518 240.678864 242.807648 242.300537 241.711945 241.506577 240.947342 240.302521 239.883087 239.778992 239.361282 238.996262 240.233063 241.780273 241.020309 240.773895 241.982941 242.827225 243.658447 245.692245 243.361710 243.969757 244.998840 245.286133 245.747147 245.835663 244.326248 242.134766 241.247375 241.864548 245.826584 247.496658 246.892029
239.331146 240.084579 240.776474 241.102005 240.499863 239.505249 239.439896 240.412918 240.939545 239.458420 239.259827 241.636978 242.436935 241.693375 240.564117 239.363983 238.655853 237.954376 240.451111 242.023132 239.991653 236.798630 233.522659 234.742188 238.238617 242.448547 243.748779 242.853363 241.641586 241.163406 240.014832 239.508743 239.196411 239.613144 239.415649 238.761993 239.566544 240.960281 239.386246 239.620056 242.371597 244.305222 246.092224 246.775162 244.360046 244.729904 245.143646 245.480133 247.174011 247.901550 247.201157 244.216293 245.515427 245.988052 247.475952 247.677628 246.134720
240.457138 241.232666 241.673126 242.546326 241.601242 240.294296 240.253601 241.360107 241.521561 239.819000 239.831329 243.300781 243.200150 241.380844 240.605865 240.573822 240.797180 239.874496 240.394974 240.177734 238.762436 234.309906 233.332077 236.586197 239.862015 243.462234 244.218048 242.789978 241.336899 240.099121 239.370316 238.995209 239.101532 240.236542 240.739990 240.124374 239.856522 239.442032 239.152512 239.810822 242.683807 244.462646 246.304581 244.953735 244.625580 244.767075 245.250305 245.611176 247.050720 246.903671 245.851608 250.385544 245.919708 246.978790 246.645233 246.818466 245.895432
242.767487 242.468750 242.935562 242.563980 242.203094 241.500031 241.890854 243.525940 243.777023 241.879150 242.874222 246.436508 244.724670 242.425278 241.545303 241.301453 240.595490 240.514587 241.087982 240.224091 237.458130 234.697906 235.376144 237.802505 240.958710 243.112015 242.688248 241.799423 242.050659 241.208801 239.964050 239.799454 239.735291 240.555420 241.239609 240.579773 239.847488 239.380356 239.209961 240.236160 241.936523 245.627426 246.893738 245.163406 245.350769 244.314331 244.374435 244.624695 245.177048 245.719650 244.172714 245.113663 245.894379 247.310028 247.441345 246.679810 246.873337
244.919403 243.488892 243.169342 242.300278 242.517288 241.994934 242.280380 244.567184 245.149582 243.859329 245.828613 248.288620 245.195190 244.356323 244.823059 242.425552 240.499054 238.960205 241.339798 240.323975 237.799271 235.482849 236.264374 238.647308 241.531647 241.893570 241.697952 241.369461 241.060059 240.522446 240.489441 240.537796 240.422333 242.274323 240.689072 239.825638 239.430878 239.550720 239.921509 241.055817 242.570007 246.090561 244.307358 244.997009 245.182922 244.003784 243.094818 243.336212 243.835800 244.498734 244.395554 245.079849 246.039825 247.088089 246.717072 247.034424 247.136932
245.693268 244.508514 243.659271 243.249191 243.583954 241.982956 241.129028 243.503006 243.546310 242.049438 244.564621 245.186737 244.987808 246.625565 246.502380 243.047363 239.647461 239.908127 240.658401 241.946213 238.079330 237.338531 238.086258 241.312469 242.252686 240.734131 240.191132 240.280228 240.314774 241.524597 241.644730 241.915436 242.201126 242.451813 240.192612 239.343018 239.197174 239.668228 240.759750 242.226273 245.801910 244.671188 244.457413 245.117599 244.848801 241.653137 240.442322 241.541382 242.876770 243.781708 244.178574 244.810684 245.475571 245.830322 246.640778 247.082001 248.567505
243.631851 243.213120 242.402664 242.634277 243.574280 241.057556 240.682526 241.933929 241.111542 239.808487 240.173218 240.770355 242.492538 243.937042 243.851425 238.373291 234.812119 240.098434 240.724014 238.417221 237.315750 238.644424 241.680466 241.087723 240.675629 241.298843 238.771103 238.504486 238.655853 240.391663 241.229919 241.714050 241.833252 241.621277 239.610275 239.245895 239.259247 239.750046 241.047501 243.222458 245.166672 243.535507 244.331970 245.632401 245.270630 241.530243 238.950058 242.234665 243.690567 243.671188 243.535278 243.543304 243.626892 244.554062 245.574310 246.323761 247.046417
241.573135 240.768509 239.569977 240.438492 241.245682 239.829376 240.102722 240.768372 240.169540 239.215836 238.586502 239.274170 241.054779 242.265091 239.368729 234.869644 233.492828 238.344955 240.027939 237.620224 238.891586 241.605209 241.750183 241.887421 242.038864 239.712280 238.608154 238.144089 239.634293 239.671051 241.091370 241.619293 241.514038 240.952148 239.077576 239.058365 239.264114 239.703873 240.945084 245.165329 243.949005 243.814987 244.790863 246.247177 246.365845 242.845627 240.978073 243.968475 244.918213 244.089264 243.518250 243.287750 243.219406 244.343597 245.145493 246.178680 246.103027
240.046082 239.440613 238.562088 239.286804 241.240860 239.016556 238.461868 239.650894 239.719650 239.549194 238.693604 238.134094 240.401855 240.947403 238.311325 233.954590 234.492493 238.564880 238.731079 237.373840 240.262970 241.085907 241.986328 242.611237 242.198669 240.457596 238.917023 238.317947 238.122543 240.070358 240.452591 240.802246 240.450516 239.965286 240.005478 238.842255 239.297745 239.719955 240.895798 242.933990 243.229553 243.157471 243.081665 244.682159 243.678238 242.869034 244.720078 246.276581 245.397476 244.014603 243.445145 242.424225 242.453461 244.042587 244.934494 245.677444 246.153809
240.659531 239.767899 239.743988 240.374329 239.144394 238.440491 238.383774 239.096725 239.008820 238.293579 237.961426 238.707062 239.085220 238.904541 235.638351 234.363159 236.151505 239.487686 238.607727 236.197754 237.980896 239.959122 242.117264 242.419220 242.423752 241.110886 240.318787 239.287247 238.559357 238.561172 240.371521 240.173065 239.484985 238.781616 238.035217 240.333069 239.660080 240.017044 240.838150 242.587128 243.524139 243.395981 243.073700 242.356613 240.951385 238.450699 240.243896 243.941803 244.756561 243.894211 243.127579 242.021042 243.223206 243.759369 244.573517 246.008560 246.800049
241.117035 240.000748 241.039612 239.703766 239.800842 238.707413 237.915802 237.988297 237.565033 238.203812 238.126343 238.043823 237.313080 237.121323 234.022766 233.702469 237.279922 240.445831 238.819366 236.460815 237.344803 238.754486 240.234100 241.685135 241.394379 240.985275 241.404694 241.253677 240.511261 240.116196 239.450943 238.904541 238.469330 238.129761 238.612793 239.607956 240.536163 240.745667 241.262482 243.133499 245.190689 244.954620 243.805649 242.392319 240.870651 239.390656 241.028473 242.145325 243.126282 242.853470 242.767303 242.454117 242.972260 243.898895 244.702652 245.080276 245.293518
241.698669 241.670837 241.182632 241.645035 240.279114 238.463409 237.456619 237.983673 237.483612 237.858871 238.504318 237.939987 236.330658 235.120453 235.426147 237.522980 238.464920 240.012650 238.243698 237.939651 238.561157 239.365250 240.343033 241.106384 240.736298 240.144257 240.690948 241.691757 241.874893 242.017471 241.375793 240.272415 239.250351 238.822342 239.328522 240.302628 241.295334 241.395203 242.128860 244.597351 245.518600 245.719666 244.477905 243.323654 242.022659 241.177582 240.768509 241.628174 241.856979 241.702545 241.250122 242.524597 243.254883 243.581253 243.765305 244.019211 243.387802
240.876282 242.077515 241.846054 241.220505 239.626465 238.477219 237.765686 237.214783 236.701950 238.315231 239.042740 236.930405 235.567078 234.910919 236.852066 238.471100 239.818909 239.886108 237.460678 237.824341 238.801758 239.558533 240.231125 240.886993 240.558365 239.311020 239.438477 240.621048 241.451172 242.344009 242.246109 241.006287 239.973145 239.450500 239.417313 239.926514 240.700806 241.158813 242.576141 244.964325 245.716217 245.360580 243.817215 242.654816 242.653534 241.934402 240.698853 240.862915 239.533890 240.239471 241.090103 241.262421 241.363388 242.158051 242.287323 242.547546 241.596527
239.995880 240.886154 240.788376 240.459106 238.800888 238.135986 237.485092 236.812607 237.580551 238.803436 238.183380 234.296524 232.253342 237.047897 238.955933 238.917587 239.521545 238.264359 238.021347 236.341278 237.219299 238.131470 239.526031 240.641937 240.498566 239.288147 239.412872 240.356415 241.248108 242.178101 242.028183 241.446304 240.816910 240.222366 239.400467 238.987473 239.559052 240.391739 242.256836 244.477554 245.706039 245.621811 243.515045 241.982544 243.165695 242.236862 240.422775 238.711823 238.538193 237.974030 239.728455 240.861191 241.125061 242.421326 240.556473 240.021210 238.861191
240.724152 239.984360 240.229568 239.869034 238.748581 237.670761 236.761078 236.658737 237.029922 237.727432 236.202103 232.654785 233.627411 238.038071 238.458466 239.961990 239.751785 238.335602 237.607315 236.807526 236.370575 237.705643 239.248047 240.797623 239.989471 239.310608 239.808304 240.542770 241.181824 241.677505 241.253891 240.887894 240.946304 241.077072 240.243073 239.461273 239.890457 240.592865 241.883606 243.863358 245.110779 244.906769 242.699631 242.312607 242.980255 241.506104 239.786789 237.818649 235.973511 237.269638 238.244827 239.427811 239.598389 240.678360 238.404739 237.502289 236.597046
240.240326 241.377686 240.244003 240.024628 238.829514 237.602158 237.019394 237.607513 236.223511 236.314194 233.460739 231.897110 234.602142 237.476837 239.873993 240.155258 239.811722 239.772202 239.531982 239.097900 238.502304 239.895859 240.148468 239.858383 239.321304 237.819458 238.148880 239.477432 241.383072 240.625351 240.084732 239.336029 239.857971 240.942261 240.933807 240.638855 241.104584 241.342163 241.921844 242.449371 242.718140 242.192795 241.147018 241.796890 242.290649 241.006226 239.856857 238.846725 236.440735 236.806870 237.812317 238.303391 238.642227 237.544189 236.381302 235.987610 235.900009
237.966431 238.431931 239.652115 239.609985 238.581604 236.988571 237.653076 237.796463 236.959976 235.186142 234.278076 234.739044 238.042145 239.155792 238.465576 239.571671 238.502197 238.687973 239.377899 239.591736 239.966843 240.974014 240.806656 239.305786 238.473969 237.561340 237.155075 238.119522 239.446762 240.282639 240.684158 238.501602 238.731567 239.653870 240.133484 240.637070 241.813293 242.559235 242.820969 242.679459 242.553894 241.357758 241.309280 241.848099 242.039337 241.050415 240.681213 239.172440 238.546753 237.710114 237.738693 239.339478 238.821198 237.006500 235.107346 235.648987 235.145599
