FlamMap_files/Wind/wind_dir_S1-2-5-6.asc
NCOLS 334
NROWS 300
XLLCORNER 372000.000000
YLLCORNER 5724000.000000
CELLSIZE 30.000000
NODATA_VALUE -9999.000000
[rows 200 to 224 of 300, columns 0 to 56 of 334]
255.662216 255.586700 254.360718 253.458725 253.099960 251.772644 250.776642 250.886581 250.130188 248.649200 246.686127 242.059189 238.960983 234.785187 231.335480 224.685623 218.548065 219.733536 177.514130 222.892670 225.772736 225.462540 227.688126 224.102005 225.367844 221.764435 223.296722 224.320251 223.931107 224.110031 227.201782 228.306870 229.786209 229.325653 230.053421 232.525452 233.631622 235.845581 236.537170 236.641037 237.994781 240.250641 241.685028 241.801178 241.149124 241.636063 242.667023 242.762314 242.582199 243.116318 244.099442 243.917206 242.135635 242.594299 242.265762 241.193527 240.622681
254.817383 254.116486 253.652924 251.604904 251.474945 250.939667 250.403183 250.579926 249.135986 247.947495 245.458969 241.079300 237.613861 232.392761 229.816833 222.439987 218.509460 213.812546 207.247482 220.357971 225.715958 225.165649 226.023788 224.847122 220.415359 222.232849 223.513443 224.556274 224.218307 222.810593 223.615753 228.759476 230.756241 229.822083 231.549332 232.583832 233.225418 234.841858 235.232315 234.534683 235.563644 237.948486 239.172119 239.439224 240.643784 240.916183 241.459030 241.612778 241.403610 241.342239 242.653595 242.546204 241.813461 242.218384 242.707092 242.775803 242.056351
253.837891 252.640076 252.015564 250.736755 249.705643 250.047226 250.118866 249.997986 248.040070 246.594116 243.981842 240.317322 237.163742 231.760712 227.200302 218.521896 218.371445 213.746552 206.489395 218.760330 221.930145 225.994827 225.449463 225.977570 223.923828 221.556351 221.228119 227.720642 226.010620 222.659546 222.264618 227.103180 230.004089 230.027863 231.616852 233.357315 234.726013 235.588715 235.008942 234.752274 235.827332 237.967987 238.789032 239.247528 240.321991 241.177673 241.303680 241.573212 240.827164 240.546783 241.826813 241.845123 241.251633 242.072433 243.362503 242.841400 241.805923
247.749512 252.129959 250.497940 249.310745 250.210205 250.108566 250.126892 248.614685 246.081192 243.725922 242.018372 240.225769 237.689606 231.569016 227.697235 218.732986 218.784256 214.897446 213.760635 218.304718 224.065247 225.209793 227.160614 228.346817 227.093323 217.135681 225.121704 227.843063 228.676559 226.284912 227.940552 229.310822 230.535950 232.028717 232.219849 232.615677 234.638672 235.970779 235.855682 235.506180 236.195953 237.534760 238.323547 239.519440 240.696274 240.931473 241.144943 241.610245 240.994873 240.459656 241.739731 241.767639 241.041473 242.365463 242.554977 240.658920 239.988358
246.052490 250.110565 249.189041 249.405350 249.908493 250.207108 250.181870 247.480606 244.901169 241.222382 240.005524 239.233322 236.784836 230.453217 227.220413 219.877228 216.137253 216.128891 218.860519 221.768417 224.562653 227.332428 226.363632 228.306122 226.763657 222.145508 225.067947 227.912186 229.035797 228.556580 229.554993 231.177597 231.383194 232.848801 233.400848 233.463791 234.851013 235.716965 236.025375 236.482666 237.030228 237.043854 238.220139 239.386826 239.932251 240.113708 241.309128 242.177399 241.548187 241.315445 241.322571 241.618622 241.731308 242.165710 241.755783 239.970200 239.944427
245.432190 248.204010 249.358368 248.807693 249.100540 249.480301 249.105988 246.838470 242.969025 241.817139 239.314880 237.250961 232.907257 227.811508 225.337128 221.741409 217.053787 218.894501 216.139420 221.445297 223.726135 226.577835 227.572296 227.471191 226.580124 225.010437 222.302811 226.013153 227.920029 228.002701 229.865509 232.099640 232.428558 233.785706 234.987488 234.925674 235.329269 236.564926 236.292877 236.470123 237.578278 237.894531 239.123901 240.207581 239.894638 239.984680 241.083603 241.438202 241.266220 241.255981 241.424377 242.779068 242.216278 242.533066 241.420792 239.970749 240.758377
245.970718 247.552078 251.253860 249.866730 248.648605 248.637436 248.147507 247.020309 244.522842 241.083969 241.526276 238.197937 232.908875 227.844208 225.208786 221.477844 217.107773 219.414917 217.903809 221.342361 223.530914 225.715729 227.603546 229.585556 228.945801 228.063934 227.007126 225.180893 224.998917 227.602722 229.081650 229.713165 231.869156 234.376724 235.178101 233.803116 235.026886 237.893829 237.289856 238.018478 238.462860 238.410538 239.834259 240.609741 240.299332 240.696823 241.303268 241.157394 241.018723 241.498566 242.314148 242.623871 242.394867 242.504913 241.629196 239.972504 240.795135
248.604660 248.651749 249.672211 252.689468 250.866272 251.751129 250.966110 247.983765 247.813248 245.056030 241.551178 237.323624 232.497894 228.391220 226.250488 222.034286 217.505829 219.352631 219.937576 223.610596 224.515427 227.512451 229.054047 228.453186 228.591705 228.461761 218.242294 229.915375 231.299637 230.212997 231.612930 232.420563 232.815033 234.312454 234.827164 235.362915 236.922928 238.699631 239.115677 239.487183 238.654282 238.603821 239.535614 240.028732 239.481171 240.018112 241.438461 242.079773 242.387207 243.115738 243.166000 242.458618 241.823212 242.070496 241.934570 240.294525 240.731537
249.664474 251.745102 251.216461 253.048325 253.459488 253.031448 253.016708 251.435532 248.198776 246.428162 240.865143 237.012253 232.529526 229.408325 226.660477 223.011902 217.620605 220.151367 221.486450 224.196274 227.839874 229.723694 227.997101 228.084091 227.217712 225.979477 227.767426 228.918594 231.726227 231.984238 234.080063 234.232498 235.052994 236.222336 235.706284 235.902222 237.142273 239.315063 239.812881 238.700439 236.790756 237.464981 239.820786 240.703156 239.596207 239.228134 240.636444 242.118057 243.478043 244.177597 244.152512 243.280807 241.340729 241.391174 240.978516 239.243134 240.047516
257.357880 253.539337 254.073242 256.279205 257.302307 252.828964 254.684677 251.442627 247.795135 243.226288 240.099655 236.287628 232.861206 229.272095 226.295090 223.549210 221.933044 221.860931 223.855789 218.768402 224.900177 227.747818 232.277618 231.769714 229.428970 230.442780 210.548874 226.892761 227.016571 233.432190 234.184204 235.132141 235.054794 235.083328 235.175323 235.614960 236.722473 238.803848 239.830063 237.684952 236.446793 237.801926 240.258560 241.186539 240.244247 239.738586 241.522339 241.629105 242.461105 243.469788 244.659271 243.670425 244.351654 242.807129 241.053040 238.814926 239.675537
262.530151 254.096375 255.852463 253.288910 259.120911 252.063065 251.231949 251.728317 246.356094 242.658524 239.207916 235.561508 232.299438 229.982941 226.236786 224.447998 220.266769 224.757141 223.053665 222.442108 222.061935 226.981766 228.917221 229.724091 229.283081 227.522629 229.777298 228.161880 230.377060 230.238724 233.444214 234.201950 234.094421 234.148926 234.721390 235.927963 238.297623 240.130386 239.832916 238.007858 237.350098 238.312744 239.870514 240.074646 239.604172 240.147858 241.639877 242.067307 241.390091 241.911758 242.521820 241.268280 240.904434 242.973862 241.588486 240.187180 240.552658
261.487610 263.269928 266.171875 255.868561 254.902710 253.712784 251.628052 248.961288 245.352966 242.259277 239.275635 235.715500 232.380066 229.358429 226.894684 224.848679 221.027512 222.586029 226.035629 224.310928 227.780807 229.133270 228.624771 227.520844 229.193253 229.768265 219.631607 228.899124 228.634354 230.324753 232.331161 233.068512 233.718292 234.389053 236.000610 237.394485 239.734543 241.235413 239.499130 236.764313 236.806473 238.803864 239.943954 239.793976 239.353012 240.224457 241.855621 241.876907 241.084015 241.280396 239.770035 237.948654 237.509232 238.340424 238.929001 239.915237 240.500107
259.918701 260.964417 263.708954 253.914352 254.628006 254.410843 252.841125 253.328552 245.780167 242.264557 238.935226 234.953690 231.626297 226.693985 222.748657 222.201172 223.068573 225.536011 226.273758 223.910568 229.252869 231.959137 229.709564 227.341629 227.628204 229.829178 219.999252 227.093048 229.672913 231.473160 233.640411 233.129440 231.271729 233.792419 236.744125 238.080551 240.027740 240.363800 238.836655 237.038071 237.509415 239.534424 240.942184 240.854630 239.708359 239.543350 240.230225 240.373993 240.391632 239.836929 238.563446 238.795013 236.616928 235.379227 236.309601 239.519043 238.897369
258.595398 257.454651 258.961334 259.424438 251.958328 251.359756 250.700485 250.071335 244.460327 239.994156 236.719376 231.019730 229.085968 227.167480 226.370392 225.990845 228.030960 226.585144 226.318466 212.158981 229.288498 230.047806 230.707977 227.997513 226.380524 226.016678 226.563721 223.560745 230.095688 231.598694 234.898041 233.051910 231.395767 232.971008 235.840088 236.727188 238.114639 238.366699 238.093475 237.946991 238.780136 240.404984 241.693024 241.173904 239.722549 238.847473 238.389023 238.167068 238.286346 238.469360 238.136887 238.403656 238.179031 237.631927 238.611496 240.917496 240.581268
256.997070 256.230804 254.999130 254.185364 249.629410 247.628845 247.262939 245.602814 242.786575 239.650345 234.737991 232.201202 231.053955 230.294617 227.619843 228.235352 229.016632 228.343582 228.656891 222.585449 229.277359 231.412521 225.979462 228.294708 231.994629 228.988464 233.100952 228.241394 231.552139 231.382233 234.416412 233.422577 232.580185 234.881714 235.038971 236.166534 237.011093 236.846924 236.715576 237.257111 238.706512 240.818542 241.498581 240.223373 240.008087 240.127701 238.946808 237.864578 237.105133 236.298370 236.334045 236.804398 236.592117 237.568298 239.584381 241.047714 242.441528
255.526672 253.538086 252.188934 250.198181 248.134766 244.895981 244.725479 243.111710 241.341537 238.623474 234.258438 232.481674 232.210968 231.850601 229.509720 231.662064 232.352890 225.568771 230.483765 225.778641 231.521606 229.150589 226.553696 229.537720 225.998398 231.519485 233.314926 231.116516 229.521011 231.510010 233.426132 234.287582 233.884811 235.131546 236.297272 236.710602 237.724442 237.216843 236.536545 236.555878 238.758865 240.660858 240.359512 238.657913 238.898148 240.355103 240.228302 239.307678 238.378281 236.379837 235.866135 235.399475 234.912506 235.053574 237.176025 239.361221 241.842819
254.956772 252.966873 250.335876 248.348801 245.167709 243.344391 240.135651 240.418854 238.767517 235.248428 231.670990 230.551056 231.255219 232.044373 230.104919 232.923935 232.665970 228.358826 231.789963 228.844315 232.107010 230.021164 228.938461 223.955917 224.643845 233.332504 233.113998 229.993408 230.768646 233.099747 233.989319 234.855713 235.452942 233.786331 234.233398 235.380829 236.788925 235.454895 235.615616 236.824020 238.795273 239.835434 238.926193 237.217911 236.881409 237.603226 237.279526 237.935074 238.329758 238.092346 236.332535 235.217453 234.566833 235.196823 237.118469 237.003998 238.064560
254.136856 253.233627 250.616486 247.806534 242.164581 240.115952 239.126389 237.457687 235.990311 231.922913 229.525330 229.292007 231.027802 230.073044 230.552933 231.430527 231.171143 231.094177 232.429855 224.172836 232.630722 229.015549 230.335052 231.937515 233.785233 233.927048 232.404587 229.943054 233.650162 232.602051 232.944656 233.377365 235.354507 235.213379 233.249191 235.016586 236.042572 234.227341 234.146652 236.721313 238.388840 238.281281 237.651077 236.572403 236.424255 235.682602 235.128204 234.585815 235.642990 235.304855 235.291306 235.077103 235.062302 235.567444 236.925964 236.149750 235.341400
253.944107 253.093063 249.899170 245.128372 241.227539 239.646957 237.289124 236.296936 234.044220 230.269531 229.027069 228.737396 229.523819 229.484741 229.886292 229.409988 230.768021 228.511444 233.411743 232.964050 233.186966 226.424606 233.050934 232.806198 234.485657 232.916779 229.993515 231.341278 234.065399 233.708359 233.940445 235.047379 235.836624 236.292099 234.726913 235.860840 236.268417 234.225937 235.059021 237.022018 237.703644 237.486557 236.856216 236.375320 236.110657 236.014221 235.404327 234.316299 233.517715 233.103790 233.220428 234.119034 234.270035 234.832321 234.956619 232.710938 232.555634
252.260483 248.961533 246.699097 244.728760 241.087845 237.584290 235.844910 235.082993 233.282639 230.828857 230.008286 229.774475 230.326202 228.829803 230.497589 231.518112 229.622818 229.446777 234.422531 233.804550 233.940659 230.384491 233.593399 234.149048 234.364426 233.847092 231.323013 230.509552 233.220367 234.262756 236.105209 236.722733 236.178558 236.219131 237.190643 237.349655 236.965561 236.434647 235.730011 236.595398 237.364456 237.162308 236.890518 236.271347 235.601044 235.107895 234.372238 233.565643 232.883530 232.709427 232.814011 231.288742 232.550873 233.391754 232.828461 233.201202 231.519623
247.052963 244.334229 243.825684 243.051437 237.186539 236.334488 234.858978 233.305984 231.694168 231.476578 231.637299 230.197113 231.051132 232.191498 233.452133 232.918640 228.241989 233.358810 235.394928 235.027359 234.507416 234.090744 233.325714 234.216339 234.668228 233.343185 232.116348 230.785522 231.481613 234.695419 235.346802 234.949265 235.470764 235.929077 235.642792 233.380951 237.824127 237.211426 236.485168 236.689102 237.083466 236.859070 236.281891 235.770447 235.551834 234.828430 234.474655 232.927292 232.808060 233.439728 233.317154 231.837326 230.745972 232.784241 231.696930 231.166748 226.281601
246.219742 243.616180 244.466568 241.015366 237.504288 236.093369 234.678665 232.396744 231.447174 231.521286 231.241211 229.279465 230.688919 232.060776 233.965927 233.497482 230.389374 234.395355 235.441742 234.523041 232.187225 232.865448 231.766327 235.069885 234.911072 233.029648 232.409012 230.163513 229.694122 234.637375 235.068665 235.063553 232.865189 236.602722 236.968292 237.440247 235.043182 236.711594 234.425964 236.954269 236.276871 235.371857 235.469910 235.215073 235.314041 234.969559 235.063095 233.759247 232.989182 233.047073 233.151352 233.076279 233.969986 233.048660 230.165176 226.687988 227.983246
242.926407 242.878723 243.013840 239.446274 236.927429 236.238113 234.403030 232.435486 233.137100 231.839767 232.439972 229.798355 231.487534 233.265930 234.770782 233.735397 233.014969 234.783035 235.297272 234.457352 230.584793 232.858307 233.587616 235.469635 230.658432 231.378174 230.131027 232.642349 234.256409 235.272690 236.698059 235.990128 233.487717 236.528351 237.792892 236.469833 236.317139 232.526825 235.070969 236.757721 235.408707 234.397873 234.818069 234.557541 233.764603 233.052673 233.059052 233.354416 233.630478 234.432236 233.215393 228.906876 228.197220 224.723999 223.940826 228.818588 228.617065
243.792007 243.356400 241.491409 238.310883 237.082092 235.867020 234.061035 231.821762 232.459412 233.105499 228.558884 231.102844 233.435791 234.571793 233.475571 232.153000 231.563828 236.736084 235.728302 233.669586 230.945648 234.522919 235.046082 235.228790 232.738647 231.685638 231.815598 235.399384 235.765244 235.122940 237.593552 236.963776 232.813248 236.705048 238.192108 234.462753 235.734726 235.930008 234.248871 235.215790 235.390747 235.266235 234.920181 234.255814 232.975937 230.421082 231.206573 231.825256 233.915192 235.386459 234.692245 223.865402 219.248886 227.557816 218.522034 220.482712 221.760757
242.534744 242.223618 240.804077 238.693909 237.449432 236.098816 235.373856 233.808060 233.970459 232.166626 229.888962 230.511520 232.847565 235.202942 235.165405 234.805435 235.389359 236.834900 236.116379 233.988571 234.007309 234.873230 235.511993 234.542313 231.964554 232.225235 233.414078 234.693481 234.685913 236.366608 237.263824 237.219177 235.617477 236.110123 238.135193 235.672867 235.950241 235.531860 237.182388 234.336792 228.952972 234.227158 235.464874 234.443024 232.580032 232.189148 231.004456 231.598221 233.374084 233.776672 233.544983 231.073883 231.406769 228.071136 228.017090 231.414520 229.848770
