FlamMap_files/Wind/wind_speed_S3-4-7-8.asc
NCOLS 334
NROWS 300
XLLCORNER 372000.000000
YLLCORNER 5724000.000000
CELLSIZE 30.000000
NODATA_VALUE -9999.000000
[rows 56 to 83 of 300, columns 63 to 125 of 334]
2.514579 2.067079 4.737433 3.540101 3.988041 4.023380 4.350108 4.176581 2.529353 2.390743 2.782925 3.042454 3.040229 3.048044 3.071131 2.796396 2.722721 3.382661 4.188977 4.673513 3.665234 3.874422 3.391203 3.854823 3.568208 3.394705 3.540104 3.217842 2.995430 3.069195 3.133629 3.319314 3.262618 3.605986 3.711870 4.067976 3.256179 3.371878 3.462809 2.956750 3.815041 3.906380 4.063214 3.793336 4.001648 3.549123 3.233602 3.543723 3.642523 3.704839 3.900928 3.317819 2.950994 3.093970 3.769947 3.076410 3.074870 2.889675 2.845680 3.496516 3.797702 3.292165 3.641251
2.568857 2.295995 2.196524 4.950426 3.690460 4.048101 4.235510 4.098060 4.865853 5.247680 2.533765 2.742515 2.890120 2.968249 3.033544 2.961871 3.432197 4.806585 4.342166 2.067581 2.241398 2.111471 4.755684 3.479837 3.860545 3.890843 3.188070 3.010200 3.542958 3.152535 3.036253 2.897166 3.160435 3.924048 3.100084 3.498103 2.875500 3.632061 3.786213 3.685903 3.579663 3.755132 3.340498 3.617573 3.443332 3.458509 3.519244 3.027919 3.713995 3.623537 3.959916 3.264058 2.842982 3.136848 3.463881 3.134050 2.913597 2.991620 3.035648 3.174269 3.762094 3.338272 3.513969
2.460860 2.388107 2.159298 2.195576 3.424180 3.613652 4.267262 4.594816 5.277048 4.235875 3.652953 2.615435 2.630676 2.814849 2.946175 2.958385 2.878119 2.994734 2.725619 2.578575 2.423526 1.897367 4.502295 3.655537 4.142776 3.995374 3.307065 3.780855 4.108396 3.623801 3.318156 3.249156 3.067230 3.410960 3.500621 3.445347 3.479849 3.569180 3.379383 3.383728 3.678084 3.757412 3.970054 3.386601 3.428370 3.577083 3.115144 3.635913 3.897679 4.387315 4.216782 3.800408 3.316781 3.058277 3.590582 3.430699 4.968922 2.294620 2.728770 2.795644 3.552930 3.822341 4.625961
4.587368 2.467169 2.433276 2.032273 4.148523 4.593429 4.013098 3.775109 4.676066 4.981791 5.023566 4.776978 3.448072 2.515517 2.746257 2.747419 2.797029 2.761584 2.921947 2.848160 2.611580 2.153951 3.798977 4.133204 3.960796 3.988231 3.952310 3.355020 3.278723 3.027032 3.258319 3.122144 3.728777 2.871451 4.105346 3.432624 3.275843 3.243865 3.959387 3.701986 3.825357 3.610260 3.267886 3.505528 3.276499 3.213827 3.284113 3.811082 4.325981 4.592866 4.226668 4.346396 3.803943 3.538830 3.512571 3.345986 4.474508 3.038833 3.474802 3.473457 3.372927 3.836967 4.575052
4.213919 2.660930 2.702036 2.307976 4.802200 4.546535 3.614914 3.935482 4.022104 4.676650 5.040569 4.945439 4.538864 5.404022 2.688844 2.672956 2.510440 2.575053 2.875890 2.929795 2.687123 2.179592 3.917964 4.142686 4.090312 3.772234 4.217804 4.032566 3.856706 3.736671 3.738213 3.378026 3.895303 2.884255 4.266337 3.790645 3.462836 4.092290 3.571346 3.751738 3.687340 3.607560 3.458282 3.694320 3.501659 3.398004 3.573833 3.572783 4.207915 4.422633 4.572650 4.709872 3.684512 3.354665 3.459503 3.245237 3.652199 3.947008 3.771304 3.796971 3.817111 4.142587 4.697033
2.944206 2.828785 2.715708 2.617282 2.219481 2.053179 3.273118 3.858778 4.322110 4.092933 4.723158 5.030006 4.666795 4.809006 5.418717 4.809432 5.261608 2.242862 2.471014 2.805521 2.748055 2.177527 4.767998 3.626416 4.144831 3.756396 3.733519 3.247091 3.546394 4.679189 4.388783 3.784835 4.395636 3.524911 3.606009 3.719616 4.314027 3.524305 3.734552 3.505359 3.606663 3.743896 3.215087 3.305302 3.333876 3.798179 3.561446 4.053216 4.348134 4.490873 4.273205 4.148655 3.849979 2.881527 3.719379 3.810182 3.971411 4.133783 3.791239 3.432179 4.031129 4.060329 4.311335
3.291797 3.057261 3.122199 2.909503 2.595143 2.330673 3.832016 4.184030 3.864386 3.844017 4.058951 4.729525 5.158503 4.927134 5.498229 5.580382 4.383802 3.437583 2.298941 2.326990 2.554106 2.519915 4.991648 4.190983 4.043044 3.721303 3.879661 3.837978 4.380723 3.171319 4.015484 3.784795 4.865175 3.966665 1.086877 3.973883 4.343976 3.778167 4.215764 3.939709 3.673572 3.602834 3.475695 3.594657 3.693769 3.272130 3.882555 4.054742 4.144211 3.994524 3.948877 3.964899 3.653944 3.301260 3.452541 3.980700 3.976406 3.963969 4.335176 4.324679 4.738907 4.393969 4.458740
3.452693 3.066072 3.023905 2.965416 2.857446 2.486694 2.205000 1.662736 3.441139 3.378657 3.519243 4.052382 4.823568 5.126816 5.440329 5.147948 5.333429 5.053895 4.388309 4.901001 2.123415 2.095437 4.093151 3.556639 3.969733 3.750410 4.737179 4.057959 3.719449 3.644962 3.717374 4.181507 3.841602 4.467006 1.066345 4.278364 4.283155 3.696266 3.961432 4.098029 3.905682 3.216607 3.661045 3.195649 3.185683 3.574983 4.552446 4.524757 3.407401 3.843950 4.011621 4.043424 2.852000 2.576608 4.117455 4.378289 4.450665 4.660189 4.525431 4.537578 4.371322 4.413967 3.963922
3.519727 3.154367 3.314076 3.190247 3.027539 2.807476 2.298293 1.823532 4.491613 3.941180 3.383123 3.392115 4.154767 4.594541 5.011794 5.171958 5.487482 5.309226 4.400977 4.336682 4.386108 4.480937 3.524074 4.157632 3.424024 4.423519 3.853412 4.312018 4.091376 4.180978 3.599519 3.884754 3.847458 4.936987 3.075834 4.033308 4.364742 3.611675 3.727647 3.682606 3.469328 4.063989 3.601656 3.917446 3.814190 4.297871 4.264004 4.624711 4.302578 3.858846 3.280865 3.016126 3.912001 4.248333 4.277156 4.577315 4.529441 4.549390 3.902111 4.486860 4.466942 4.321653 4.231169
3.513066 3.398134 3.212070 3.119346 3.050734 2.968538 2.585959 2.183410 1.915710 2.095981 1.740762 2.944373 4.413725 4.864052 3.612704 4.616003 4.615705 4.140733 4.029603 4.566865 4.318890 4.102672 3.861483 3.991111 3.921204 3.427640 3.807809 3.764716 3.692350 3.767375 3.525525 4.001111 4.113161 3.914804 3.891677 3.895891 3.186446 4.334506 4.825511 4.892711 4.907139 5.117088 4.846500 4.955434 4.114107 4.449780 4.180181 4.676252 4.582202 4.287819 3.668097 3.920312 4.228836 3.935901 4.379097 4.459110 4.168714 4.148112 3.907481 4.333532 4.138785 4.170624 4.210325
3.499830 3.454937 3.286769 3.132951 3.200473 2.975623 2.728233 2.467976 5.362081 4.278056 4.986563 2.742258 1.650895 3.276653 4.521938 2.819788 3.754584 3.846585 3.897679 3.979264 3.851376 4.154074 4.379214 3.821687 3.315867 4.224967 4.095596 3.976531 3.673707 3.811257 3.871050 3.700485 4.183326 3.760662 4.289433 3.350790 4.121157 3.886224 4.763430 4.935763 4.850287 4.926269 5.083529 5.024003 4.452823 4.513038 4.385682 4.251226 4.562589 4.557996 4.387429 4.266602 4.377060 4.356641 3.978512 4.357873 3.631266 4.030525 4.155262 4.387298 4.338009 4.560937 3.681301
3.404994 3.565521 3.436611 3.145975 3.123259 2.966283 2.706291 2.520696 5.178959 3.786569 4.064368 3.888900 5.191068 3.818051 4.619399 1.512824 1.855448 2.082650 3.602811 4.555882 4.229938 3.894744 4.265735 4.093230 3.725937 4.660120 4.615729 2.871540 3.839656 4.928930 3.784411 4.213501 3.399538 3.651171 4.356238 3.984337 4.022758 3.631382 4.891632 4.670988 4.774145 4.830961 4.610336 4.946190 4.700668 4.597686 4.420309 4.073170 4.403650 4.461471 4.233549 3.975850 4.396172 4.370095 4.057341 4.216410 4.350374 3.763674 4.081938 4.308417 4.369012 4.199114 3.924543
3.189446 3.410692 3.377579 3.333558 3.290513 3.105095 2.740969 3.877392 4.416907 5.486811 4.181292 4.033669 4.655744 4.569890 4.260979 4.799636 1.687506 1.836052 1.714045 4.102226 3.695656 3.694735 3.623790 3.547504 4.272768 4.724810 4.405262 2.890994 2.871032 3.115239 4.141908 3.904802 3.306392 3.872749 3.271016 3.773158 3.998702 2.917192 4.403141 4.459593 4.376344 4.735252 4.922291 4.901320 4.950629 4.968470 4.624881 4.348846 4.862377 4.798450 4.540352 4.286523 4.677327 4.531009 3.733827 4.415182 3.907503 4.002092 4.274604 4.008280 4.094777 3.543921 4.002484
2.990848 3.266509 3.322817 3.216697 3.176580 2.941252 2.709599 2.755558 3.988973 4.022699 4.240103 4.548582 4.456110 4.491841 4.445563 4.419539 4.315943 3.445612 1.522781 1.476256 1.656982 3.654585 3.863197 3.742990 3.719995 4.472541 3.796838 4.592248 4.220550 3.672123 3.539014 4.576893 3.720983 3.303160 4.141633 4.060448 3.011478 2.826845 2.961960 3.848617 3.588211 4.322185 4.663417 4.803905 4.606050 4.168942 4.775263 4.912693 4.597377 4.739711 4.529667 4.440903 4.586685 4.163506 4.040361 3.617737 4.158361 4.147115 3.760589 3.860570 3.591730 3.460509 4.425267
2.855505 3.139252 3.267304 3.209499 3.061605 2.971500 2.758401 3.423968 4.431110 4.123550 4.403358 4.441872 4.306452 4.295164 4.731296 4.649691 4.043267 3.898888 1.561605 1.699681 1.562490 1.916583 3.311045 3.640555 3.354214 3.854312 3.394264 4.660779 4.288090 4.784906 4.279036 3.622783 3.764649 4.327472 4.233666 4.224394 3.502285 3.708371 2.799981 3.168912 4.027784 3.588710 4.666965 4.762827 4.504391 4.436235 4.632329 4.917995 5.024888 4.999853 4.400837 4.460439 4.499896 4.174927 4.622863 4.221091 3.555349 3.650131 3.576321 3.813398 3.820649 3.614051 4.254631
2.674496 3.020799 3.094191 3.079447 3.169805 2.811652 2.565713 2.581361 4.516532 4.389547 4.610691 3.955433 4.218379 3.933095 4.107007 4.216446 4.653367 4.104211 5.293410 3.113250 2.286162 4.672800 3.738560 3.221942 3.397033 3.664896 4.000865 4.074381 4.290768 4.140432 4.207692 4.191446 4.421194 4.447762 4.470153 4.384112 4.271344 3.946149 3.806236 3.244504 3.922104 3.963195 3.882451 3.295306 4.209997 4.121854 4.495578 3.943722 4.414410 4.658754 4.107660 4.235823 4.050523 3.932932 3.682322 3.352823 3.481893 3.375209 4.010096 3.880912 3.805030 3.212794 4.073535
2.472857 2.776152 2.942679 2.939638 5.790367 5.953386 2.693874 2.528338 4.833963 4.161097 3.967874 4.466272 3.821439 4.144885 4.437429 4.364670 4.486382 4.393964 3.797952 3.938839 4.786695 3.717895 3.426033 3.773200 3.393353 3.718435 4.510363 4.568626 4.716691 4.546369 4.614556 4.459889 4.469073 4.441261 4.307308 4.346297 4.416568 3.111512 4.042394 4.002126 3.676397 3.885320 3.888186 3.878161 4.041420 3.609263 4.490146 4.147940 4.277750 3.892496 3.903978 4.223388 4.140942 3.910442 3.997735 3.362445 3.777661 3.339879 4.015629 3.837227 3.922917 3.672858 4.235059
2.265333 2.621302 2.732913 2.785177 5.342896 5.402684 2.329227 2.447323 4.828981 4.102973 4.590249 4.658635 3.827492 3.673718 3.770712 4.311829 4.021235 3.964567 4.814684 4.269683 3.576661 3.405251 3.321450 3.263858 3.697701 3.668207 4.356506 4.392456 4.585209 4.741979 4.528969 4.465569 4.438777 4.402575 4.362856 4.049130 4.366214 3.863374 3.670824 3.608796 3.201472 3.928463 3.707541 4.079916 3.283104 2.975070 3.729305 3.730173 3.805584 3.603717 4.345049 4.435030 4.292349 4.324842 3.786012 3.536577 3.526675 3.796513 3.395405 3.354950 3.639558 3.437532 3.935338
1.989052 2.518777 2.584592 2.546984 5.026893 5.306738 5.520858 5.236529 4.059220 4.125290 4.069087 3.906377 3.891042 4.201242 4.061710 4.146113 4.114882 4.352404 4.426642 4.694850 3.655979 4.263549 4.729671 3.696255 4.420927 3.486674 4.197788 4.338562 4.615032 4.540155 4.450584 4.614831 4.650456 4.613554 3.946043 4.426659 4.275628 3.857817 3.980670 3.995899 3.689472 4.223473 3.754267 3.992095 3.123098 3.281974 3.601647 3.898539 4.427849 4.176241 4.533667 4.835615 4.673691 4.591460 4.359505 3.660063 3.555758 3.415465 3.669399 3.924626 3.797620 3.317528 4.056989
4.244596 4.101275 4.544468 4.834869 5.219230 5.155900 4.437235 4.759928 4.653244 4.595148 4.266349 3.928798 4.095700 3.772714 4.306523 4.816789 4.224061 4.207884 4.423569 4.191131 4.388427 4.673604 4.336557 4.201293 3.333903 3.102602 4.004474 4.155165 4.483143 4.547078 4.586915 4.665150 4.838449 4.691082 4.696826 3.287008 3.966588 4.315193 4.128325 4.378913 3.915040 3.755494 3.936058 3.903146 3.995357 4.092201 3.841596 4.165942 4.472793 4.567855 4.601931 4.700323 4.709439 4.744007 4.747578 4.601241 4.154848 4.056158 4.389099 4.574657 4.577865 3.646569 3.525244
3.385180 3.792273 4.176331 3.965361 4.388321 4.637304 3.983435 4.485961 4.756912 4.781300 4.121511 3.905413 4.124155 3.874346 3.978274 4.606638 4.624098 4.470362 4.731670 3.636205 4.271223 4.573576 4.459726 4.068419 3.230735 3.135877 4.083336 4.265339 4.439114 4.668165 4.614325 4.872428 4.886526 5.063823 4.750738 4.808533 3.876551 3.453470 5.577485 3.689476 4.433237 3.430890 4.316739 4.346768 3.843178 4.112065 3.217569 4.082500 4.113491 4.264601 4.077230 4.600601 4.797331 4.781528 4.693280 4.574021 4.146638 3.895256 3.849721 4.330121 4.558668 3.567950 3.854688
3.451820 3.778069 3.920714 4.428406 3.770716 4.638119 4.881444 4.595490 4.972592 4.919901 4.148995 4.086132 3.916966 4.014270 3.635570 4.418194 4.628902 4.120121 4.348821 4.353581 4.464607 4.194567 4.330750 4.223475 3.694058 3.675210 4.226771 4.264454 4.395267 4.499764 4.477697 4.651095 4.778714 4.978937 5.043599 4.035430 2.510434 3.891418 4.696309 3.919816 4.256980 4.420800 3.746119 3.724040 3.947366 3.505679 3.694974 4.543441 4.232667 4.581120 4.782574 3.529462 4.521253 4.206175 4.529140 4.297113 4.628376 3.756613 4.014534 2.716961 3.302265 3.865546 0.963019
3.623630 3.353645 3.915691 4.083051 3.750643 4.040241 4.473467 4.832531 4.756437 4.978745 4.350444 4.274622 3.853639 3.618928 3.610783 4.355381 4.058523 4.806218 4.370607 4.371323 3.976537 3.915372 4.232692 4.297019 3.330411 3.437891 4.285635 4.104218 4.343440 4.327842 4.436020 4.511291 4.607168 4.805394 4.680097 4.014716 4.883242 4.429618 3.622673 4.097798 4.544668 4.380096 1.792894 1.702372 3.806957 3.572898 4.662905 4.172065 4.288631 3.128140 4.257845 3.870165 4.169580 4.361859 4.802521 4.433848 4.571765 4.153883 4.242294 3.121061 4.369844 4.546301 4.293414
3.840647 3.960895 3.790039 3.472757 3.678787 3.964607 3.924487 4.496826 4.793591 4.741399 4.615772 4.705756 3.925904 4.015946 3.778431 4.063121 4.377432 4.030481 4.411494 3.684882 3.540141 3.898711 3.477367 3.387780 3.632636 3.355531 3.726953 3.565465 3.130452 3.471241 3.467753 3.790202 4.644392 4.600018 4.454410 5.140746 4.845316 3.928768 3.387625 3.917654 3.655124 3.503664 3.706431 2.020209 4.376597 3.645840 4.484707 3.487378 4.019105 4.201221 3.951272 4.669799 3.785623 4.314545 4.517745 4.688384 4.420588 4.406555 3.729832 3.685088 3.587210 4.054006 3.220284
4.069917 4.033760 3.512825 3.607815 3.521786 3.939924 3.446445 4.256177 4.672981 4.810975 4.696225 4.538723 4.096662 3.990164 4.100176 3.814667 4.171312 4.744363 4.517689 4.380015 3.891673 4.111583 3.483601 3.523816 4.169548 3.110009 3.306676 3.211805 3.306277 3.542880 3.314318 3.684902 3.845776 4.719211 5.004797 4.711607 3.706173 3.944403 3.367756 4.250160 3.860953 3.366883 2.094570 3.181225 1.929431 3.494640 4.449151 3.778502 3.735529 3.876344 3.771727 3.345765 3.921448 4.391574 4.510114 4.407598 4.328494 4.228218 4.080135 3.726368 3.822934 3.567690 3.387941
3.909106 3.738547 3.693289 3.909829 3.583655 3.609116 4.265936 4.021507 3.928891 4.779277 4.834583 4.369371 4.090843 3.752809 3.470089 3.954535 4.306504 4.577637 4.643021 4.514573 4.079220 3.936950 4.584801 4.104614 3.435910 3.790110 3.204615 3.242382 3.166019 3.349066 3.870098 3.271089 3.611708 3.967107 3.936920 3.783684 3.238634 3.295770 3.970617 4.150714 3.388230 4.341571 3.672895 3.686789 3.332749 3.646523 3.594760 3.667806 3.691854 3.955476 4.124064 4.052605 4.106761 4.145078 4.117313 4.205932 4.244114 4.143532 4.303045 4.190052 4.068950 3.630181 3.612825
4.161649 3.950987 3.782289 3.539129 3.291272 3.429994 3.573961 4.357919 3.452264 4.607060 4.824954 4.774603 3.634981 3.782690 3.589050 3.435762 4.002236 4.126958 4.554534 4.737471 4.605729 4.616289 4.368324 3.941324 3.609684 3.431538 3.649535 3.398993 3.269494 3.636543 2.893690 2.797775 2.618514 4.869099 3.696862 3.825622 3.616501 3.651750 3.924203 3.904461 4.023999 4.319571 4.527851 3.972043 3.972663 3.974234 3.682541 3.754498 4.100409 3.855968 3.850853 4.063119 4.251837 3.931840 4.065938 4.279899 4.117274 4.062324 4.153174 3.750336 4.063780 3.860289 3.536979
4.298970 4.223245 4.011975 3.716963 4.117146 3.207868 4.106707 4.540403 3.860288 4.298204 4.648273 4.568489 4.298844 4.356487 4.238636 4.128540 4.171786 4.194837 3.761600 3.851164 3.569565 3.720512 3.569978 3.762805 3.828842 3.317133 3.584700 4.189299 3.909666 3.279874 3.368698 2.662220 2.711565 3.259510 3.747583 3.555029 3.787938 3.808007 4.172329 4.836346 3.834020 3.756663 3.360769 3.357918 2.989257 3.703115 3.696935 3.680718 2.968667 3.603911 3.621212 3.721425 3.908301 3.731730 4.049913 3.995573 4.518442 4.124008 4.147901 3.839208 3.912367 3.707446 2.482721
