FlamMap_files/Wind/wind_dir_S1-2-5-6.asc
NCOLS 334
NROWS 300
XLLCORNER 372000.000000
YLLCORNER 5724000.000000
CELLSIZE 30.000000
NODATA_VALUE -9999.000000
[rows 150 to 174 of 300, columns 171 to 227 of 334]
241.031708 241.209442 241.428726 242.128616 241.741119 240.373962 240.237534 238.663483 238.144394 235.373886 233.780777 233.399368 236.909927 237.694031 237.007065 237.720764 237.727554 237.081451 236.836487 235.788483 235.195496 235.496689 235.668625 236.161072 236.074051 236.966141 238.990097 241.663025 240.296783 240.201584 240.970825 241.182114 241.382385 241.094421 240.007172 237.101364 235.809799 236.944244 236.052673 235.294174 236.300674 237.646164 238.718872 239.323700 239.275360 239.339737 239.685867 239.711578 239.122086 236.105911 236.317841 235.608063 237.301056 241.032349 242.921341 243.470703 244.820923
242.155670 241.377625 241.784027 242.468811 241.813446 241.438202 241.051727 239.957367 239.646332 238.407593 236.104843 236.946518 239.333038 239.365097 238.524078 238.223557 237.603333 237.151794 236.764725 236.231339 235.035416 234.573959 235.317078 235.344513 234.929306 237.013214 240.495255 242.355270 241.373383 241.114746 241.521317 241.156128 240.896637 240.506775 239.479462 238.690048 237.446442 236.861877 236.456573 236.564362 237.271469 237.414734 238.776581 237.999496 236.354370 237.328476 239.048065 239.666916 240.952438 240.006393 238.201157 236.832092 237.082932 238.754974 238.317429 239.812698 242.225525
242.418503 241.837799 242.061859 241.898224 242.310287 242.018875 241.078979 240.350876 239.447479 237.274765 236.188339 238.340103 240.808792 240.939194 240.014893 239.548843 239.100662 237.846176 237.512802 237.236328 235.575806 235.022476 235.369751 234.318848 234.453552 236.659180 239.197754 241.638794 240.987244 241.453827 241.963165 241.748352 241.399384 240.889420 239.821823 239.268600 238.588608 237.848953 237.168411 237.822250 237.229385 237.104752 235.898209 235.728134 235.560745 236.930359 240.001587 240.794373 241.013260 241.587769 241.011505 239.710892 239.346695 237.210022 236.351669 238.300644 238.079498
242.460098 242.606354 242.868408 241.967911 242.352051 241.046158 240.219131 239.295837 238.062637 235.661987 234.234436 237.030197 240.183990 241.106705 240.919647 241.046371 241.421005 239.888687 239.071289 238.119965 236.781952 235.517929 234.031174 234.220535 234.749039 237.261887 237.962921 239.161072 239.203934 239.863312 240.654083 241.453354 241.560791 241.024841 239.922821 238.739151 238.141479 238.893555 237.635315 238.530014 238.729279 237.996384 236.698547 235.918121 236.431122 237.859192 238.608887 238.025085 239.160294 240.561020 241.547913 241.423599 240.914825 239.153503 237.808319 236.081573 235.995605
242.856857 242.806137 242.762558 241.729919 240.352783 239.772232 238.549683 237.746841 237.491623 236.131622 235.254395 236.963120 239.238083 239.938171 239.644257 239.364487 239.819168 239.310852 239.702927 239.195557 236.875641 234.991470 233.347076 233.345520 234.408524 236.050583 237.048676 237.501785 237.633835 237.978287 238.879150 240.193405 240.698853 240.579895 239.989899 239.294754 238.982239 238.115570 238.638702 239.689835 240.322937 239.716446 238.389832 237.965622 238.749619 238.973083 238.885574 237.507019 236.482880 237.815659 239.906616 241.239243 240.872177 239.724518 238.847198 238.597321 238.083755
242.630981 242.412186 242.161545 241.456635 240.333466 239.559433 238.423752 237.908020 237.755081 236.995041 235.860107 237.377777 238.914078 238.936935 238.536896 238.238510 238.078613 237.547791 238.633118 238.929214 237.314377 235.094757 234.095978 233.478210 234.226715 234.982544 236.251480 237.081802 236.800964 236.905899 238.233780 239.154343 239.542145 239.846359 239.786362 239.185852 238.786835 238.865234 239.178986 240.042480 240.832153 240.422714 240.733963 240.235947 241.014084 240.550476 239.569992 237.974228 236.789810 236.418182 238.201935 238.896271 239.175354 238.316544 239.233582 237.664139 238.333527
241.213791 240.798172 240.419113 240.067307 240.188263 240.240417 238.536392 238.119537 237.976227 237.078094 236.189407 238.060287 238.604568 238.430862 238.341980 238.144272 237.969299 238.024841 238.064423 237.890289 237.676575 236.315170 234.914856 235.359482 236.291565 235.566315 235.781967 235.549896 235.413864 237.373627 237.966003 238.970032 239.201447 239.706223 239.606277 239.311676 239.008041 238.422943 238.945038 239.801300 240.147064 239.519608 239.239883 240.543381 241.260117 240.913910 240.296799 239.328262 237.975113 237.333710 237.404602 236.243820 236.202789 236.685074 237.611588 238.302856 238.491989
242.144348 241.887695 241.275208 240.335754 240.171112 239.479401 239.227997 238.235703 237.977020 237.613907 236.648239 238.597244 238.574097 238.351822 238.406616 238.194336 238.124451 238.198761 238.136063 237.892181 238.057083 237.355682 237.006073 237.423721 238.466156 237.883286 237.597717 237.144501 236.313354 236.493469 238.625107 238.822769 239.455826 239.837906 239.864166 239.944839 239.430557 238.987595 239.480225 240.091492 239.914383 239.652863 240.005173 240.397964 241.008881 241.012360 241.182236 240.109634 238.905716 237.755981 237.035110 235.215408 233.505951 233.186905 232.298264 236.018570 238.475662
242.765701 242.563660 241.969849 240.938553 240.577499 239.901230 239.122406 239.150909 238.677155 237.983795 237.724808 238.621201 238.796570 238.420273 238.377945 238.149109 238.150818 238.440475 238.641953 238.213394 238.079437 237.886047 237.858459 238.464355 238.709793 239.087128 238.836853 237.563797 236.924942 236.865997 237.529968 237.942047 239.108459 239.800049 239.954330 239.936874 239.683319 239.318939 240.480301 240.668915 240.613739 240.683578 240.849899 240.905090 241.317123 241.400925 241.195770 241.196686 240.473755 239.508484 236.532578 235.562012 233.777878 234.090851 232.642441 234.127853 238.152893
243.653519 243.206085 242.778564 242.247894 241.707291 240.754730 239.587402 238.766479 238.872452 238.424225 238.569260 238.714798 238.792542 238.175400 238.573349 238.706848 238.945206 238.532867 238.322876 237.899216 238.205994 238.138031 238.191559 238.946472 239.217545 239.792191 239.366592 238.618469 238.096710 237.453201 237.914673 238.709854 237.853851 239.059341 239.389664 239.128265 239.639435 240.303467 241.237900 241.122849 241.430313 241.725037 241.811234 242.406464 242.113708 242.499908 242.563187 242.474548 242.038666 241.272491 238.238007 238.011658 236.093811 235.394348 235.891495 236.038467 238.262711
244.067078 243.920532 243.928986 243.214142 242.946854 242.069351 240.924805 240.114975 239.601288 238.138138 238.511276 239.196518 238.769196 238.217758 238.811630 238.911438 239.050980 238.798172 238.439880 238.270065 238.422943 238.265823 238.366684 238.993973 239.748642 239.981277 239.685226 238.905273 237.967041 237.550140 237.695267 236.883423 237.978561 237.873978 238.340988 238.122345 239.168945 240.036011 240.614044 241.884766 241.933914 242.345154 242.938263 243.045029 242.798935 242.729752 242.905106 242.640472 242.389053 241.669479 240.542450 239.542480 239.610474 238.869751 238.589508 238.849869 240.585129
243.225143 243.379486 243.456314 243.161987 242.997162 242.260269 241.397583 240.645294 240.024063 239.527100 239.901825 239.571869 238.378220 238.035553 239.214828 239.618546 239.582474 239.371582 239.098816 238.967896 238.966492 238.432632 238.837036 239.619308 240.071198 240.210281 239.983322 239.612823 238.423660 237.773666 237.637283 237.153839 236.846634 236.612778 237.397522 237.334290 237.948959 238.705734 238.809082 240.371796 241.382919 242.057526 242.546677 243.437485 243.661331 243.611679 242.956146 242.651749 242.596329 241.757217 240.852615 240.199997 238.588211 239.495682 239.878098 240.369553 242.321335
242.700897 242.690125 242.856766 243.469070 243.666794 242.535416 241.780106 240.970749 239.851883 239.140732 238.741409 239.834473 238.805374 239.206726 239.881119 240.021606 240.063049 239.781616 239.440689 239.447662 239.259048 238.466995 239.221024 240.093719 240.324280 240.678970 240.871063 240.201309 239.599442 238.695587 237.893845 237.576233 237.555527 237.438873 236.875275 236.868057 237.098999 237.587891 237.731003 238.346069 239.826538 241.558701 242.743698 243.847702 244.637878 245.300858 245.050415 243.655228 242.839569 242.208908 241.169800 240.514633 240.452652 240.467514 240.947662 241.955231 243.684158
242.773605 242.164566 242.413956 243.135941 243.264267 242.511597 241.856277 240.440506 238.696732 238.413010 238.626678 239.680603 239.181610 239.442963 239.431091 239.657089 239.683975 239.269409 239.145782 239.285629 238.980453 238.542755 239.339081 240.080032 240.608719 241.217224 241.600174 241.157227 240.776352 240.024414 238.884674 238.738495 238.519913 237.562027 237.710632 237.116058 236.723923 236.918625 236.808289 236.628967 237.935745 240.117737 242.289169 243.358643 244.613281 245.511459 244.496216 242.852753 241.543121 241.391632 241.601257 240.830811 240.301331 240.446915 241.243805 242.431061 243.937393
241.782776 242.246384 242.101227 243.490326 243.249924 242.756058 242.289124 240.422241 238.392761 238.845703 239.959427 239.517273 239.549850 239.514786 238.817474 238.706345 238.659363 238.484543 238.844147 239.032150 238.639206 238.424301 239.235809 239.859070 240.602875 241.282822 241.561722 241.660309 241.241806 240.582001 239.731918 239.472794 239.282257 238.031387 236.535370 236.607880 236.921066 236.399170 235.812271 235.264038 236.027328 238.507034 240.177917 241.364853 242.551483 242.858871 242.740555 240.769821 241.157074 241.087372 241.112259 240.505859 239.635208 239.305130 240.622864 242.632370 244.246796
241.857666 241.495590 243.493988 243.702759 243.603836 243.363190 242.498108 240.843460 239.138443 239.370331 240.842102 240.778366 240.230728 240.216385 239.799164 240.510193 239.943573 238.603455 239.119583 238.749664 238.388763 238.471909 238.865097 239.298599 240.101181 240.662125 241.291336 241.922592 242.380585 242.288651 240.918335 240.839478 240.417374 238.672150 237.578766 236.694260 235.961639 235.999115 235.893204 234.923218 235.812576 237.265167 238.407761 238.408478 238.428665 238.868500 239.262939 238.171021 237.517273 238.028473 238.344131 239.187653 239.656769 239.673752 240.263031 241.634659 241.494781
242.654648 243.719055 245.241547 244.965637 243.168854 243.328232 241.912460 240.053802 238.606232 239.560791 241.380325 241.483231 240.876129 240.298325 240.683380 240.618729 240.254425 238.765915 239.118866 238.651047 238.179657 238.122787 238.180588 238.761475 239.505646 239.868668 240.475418 241.272232 242.298996 242.833588 242.096939 242.346802 241.698563 239.870850 239.003983 238.346420 237.327423 235.788681 234.747498 235.504684 233.852768 235.351440 236.364349 236.263275 236.075943 236.191360 237.440063 237.276993 236.166626 236.316437 236.895660 237.681473 239.493149 241.178879 241.489212 240.611023 239.723679
242.844757 244.457260 246.834976 246.742004 245.181107 243.774918 241.694168 239.862717 239.167953 240.480133 242.003952 241.833557 241.412338 240.398102 240.170319 239.813263 239.411407 239.226624 238.703323 237.849945 237.529404 237.015518 237.479980 238.120819 238.942490 239.047607 239.553757 240.110840 240.780869 241.879578 243.404388 243.543640 241.688080 240.698746 241.198654 240.004074 239.093597 238.483139 237.017624 235.270569 235.148361 236.111847 237.178848 236.603027 236.831070 237.813538 237.448227 237.097046 235.127441 233.181076 233.756943 235.586273 238.288956 240.909927 241.534012 240.877518 240.194138
244.580750 245.046875 247.157898 246.126114 245.077805 244.056625 241.815948 239.385544 239.750168 241.812668 242.915863 242.214096 241.953415 240.751785 240.279404 239.930496 239.741425 240.237595 239.642288 238.163742 238.073563 237.210037 237.308762 237.898651 238.964615 239.103607 239.195755 239.814194 240.774551 241.932281 243.640915 244.965897 243.626068 242.918900 242.971771 241.835083 242.130112 240.666245 240.138565 239.964844 237.932907 237.775223 237.992508 237.890839 238.035507 238.134277 237.709045 237.275894 235.657745 233.422882 232.422134 234.756363 237.387299 239.020264 239.013046 239.369995 240.573822
243.587646 245.932205 246.920013 244.863022 243.932983 244.024857 241.698700 239.655411 240.595642 242.967804 243.640579 243.317780 243.068939 241.026871 240.883255 240.511383 240.193222 240.003006 240.016113 239.813492 240.444199 238.436295 237.833450 238.347229 238.981323 239.174561 239.193695 240.049683 241.444946 242.274109 243.784363 245.285049 244.713135 245.498169 245.359344 244.266495 242.925491 242.816528 242.397263 242.733322 242.237686 241.381729 240.511047 239.998657 238.764420 238.333969 237.728912 237.748428 236.269272 235.213577 235.971786 237.767990 240.074554 240.522110 239.581512 239.003418 240.380630
240.297226 243.984818 244.869644 243.488373 242.860748 242.755798 241.120102 240.609451 242.175659 243.589676 243.602203 242.795593 243.468338 242.216492 240.916916 240.752563 240.079376 239.093735 238.790497 238.894058 238.139847 237.802780 237.699036 238.610748 239.338837 239.124664 239.482452 240.718185 241.723221 241.976624 242.304031 242.192963 242.706390 245.663879 247.832047 246.969208 244.255722 243.491394 242.978638 242.246857 242.228806 241.820084 241.494354 241.361389 240.295868 239.503342 239.028610 237.717346 236.088150 235.574127 237.712097 240.523438 242.273285 240.741776 240.193787 240.539185 240.028137
239.698563 241.746552 242.524490 242.410217 241.829193 241.254547 239.976303 240.080978 242.702820 243.702652 242.437714 243.536880 242.580078 240.237106 240.642166 240.817337 239.690033 238.332336 237.462540 237.065887 237.209259 236.920609 237.350128 237.722763 238.703049 238.467438 238.717041 240.167404 240.930939 240.989029 240.972809 240.620193 240.825134 242.496155 244.081039 245.807892 245.488312 245.253235 243.570114 242.533386 241.934555 242.228271 242.479904 242.311737 243.140976 244.162155 243.899323 240.864197 235.030441 235.875885 237.375732 241.102859 241.691833 240.791199 240.707977 239.802902 241.516647
240.074905 240.163925 241.632980 241.408066 240.876831 240.919144 239.738251 239.453979 240.458038 243.888870 243.115265 242.207199 240.757614 240.159531 240.996628 241.029755 239.688660 238.808777 237.185333 236.453186 236.533432 236.860626 237.527405 238.409515 238.362427 238.703552 238.984680 239.819107 240.385712 240.066772 240.621307 240.784500 241.132233 241.817947 242.798645 243.460327 244.248367 244.110260 243.781448 242.917938 243.017075 244.195480 241.756500 240.787842 242.020676 247.418213 248.486603 245.582840 238.775345 237.847168 238.984726 240.081741 240.297409 239.459091 239.855087 239.571030 240.104309
241.015060 240.531143 240.433853 240.207550 240.662994 241.430588 240.703918 240.047699 240.455048 242.609848 244.659225 243.034286 241.791748 241.183044 243.052429 241.864975 241.972107 239.917313 237.833755 237.069153 237.066299 237.239441 237.591919 238.138443 239.600388 239.316437 239.850830 240.230743 239.661682 239.656754 240.030151 240.543686 240.818939 241.030991 241.595688 242.604736 242.911819 243.455414 243.068710 243.102844 244.502991 244.558441 240.520142 237.447586 238.488174 240.176208 239.751968 236.729645 233.760803 237.515564 238.827728 239.136871 239.370422 239.134537 239.389542 239.520752 238.715622
240.159393 240.337570 239.837891 239.724152 240.267609 240.216202 239.301483 239.007065 240.772476 242.041031 243.245789 242.216553 242.258835 241.931000 243.821533 243.355438 243.900070 241.751663 239.553329 238.877869 239.116516 238.540390 237.987595 238.408691 239.085953 239.088013 238.438156 239.279984 239.463821 239.503708 239.838028 240.000610 240.348694 240.448746 240.855911 241.598480 242.391556 243.229279 242.842331 243.110779 245.080536 243.827972 239.857971 237.645569 239.151093 240.050079 237.835938 233.486847 233.830002 236.559769 237.441971 237.847183 238.195190 238.463440 239.266083 238.732849 238.176590
