FlamMap_files/Wind/wind_dir_S3-4-7-8.asc
NCOLS 334
NROWS 300
XLLCORNER 372000.000000
YLLCORNER 5724000.000000
CELLSIZE 30.000000
NODATA_VALUE -9999.000000
[rows 50 to 74 of 300, columns 57 to 113 of 334]
243.572845 243.753159 243.889130 244.459671 244.488190 245.048615 246.140228 245.314819 247.100189 254.871719 242.350845 241.250931 240.506210 239.532516 240.150833 241.326019 244.731689 245.716843 243.120346 247.645477 242.551926 242.967987 247.977066 253.236404 246.000885 243.391037 246.044312 246.783066 246.664032 243.125137 242.079254 241.025711 240.027237 238.766617 236.943832 235.597763 237.546860 237.082123 236.284897 231.547501 234.590164 233.441879 233.437698 234.821381 237.571030 238.345612 241.786667 240.134811 242.533051 246.367325 237.901505 239.921707 240.221481 243.345352 234.722656 233.745468 235.021545
240.072235 241.990585 242.520645 242.701462 243.476059 244.395004 244.389069 244.439056 245.584244 245.057846 244.187561 243.742813 242.618149 242.314941 241.184082 241.735672 244.081604 245.276764 247.030045 239.846542 240.099319 240.845642 241.678970 242.997513 241.441574 241.507889 244.769241 244.605316 242.860092 241.704239 240.182449 239.365814 238.760834 237.874573 236.624069 234.436218 233.604538 234.328812 235.183594 235.715607 237.878693 234.751770 234.327209 235.548553 236.223282 243.642700 239.528900 238.862976 244.173523 239.576584 238.179260 241.070099 244.662323 243.953308 238.566208 236.396133 235.966583
240.619965 241.570831 241.791031 242.717987 243.309738 243.313507 243.451111 244.292648 241.863434 244.784653 243.885345 244.636887 248.685593 242.641785 244.181290 243.996811 244.499985 243.952362 242.729782 239.222183 239.547028 240.042572 240.623642 240.078461 237.489716 236.222748 239.106400 242.994614 241.316315 239.788986 238.317947 237.800308 239.993286 239.666794 236.918777 235.456711 234.937210 235.181625 235.188538 237.367371 237.988419 236.741730 234.385666 234.392807 235.628723 236.212692 241.492599 241.466522 241.246185 238.398727 239.927246 240.387283 239.746460 238.974045 231.882675 235.733383 236.592575
237.695328 238.518753 239.517502 243.137466 242.709167 241.876724 239.831146 243.339554 242.820602 241.755310 240.765823 241.635773 241.383652 242.664917 242.940918 244.800827 244.219681 242.741547 239.523834 239.346527 240.093399 240.198563 241.374832 236.304993 232.367828 235.626358 238.471359 239.658325 238.842545 238.312363 237.132675 236.328217 239.326126 236.580292 235.675522 234.891769 234.156097 233.953033 233.092972 234.267334 236.385376 237.479034 232.898575 234.386200 235.229294 236.292389 235.871170 242.655655 240.769577 238.552658 236.408585 236.376892 238.582809 235.289490 232.315186 232.747925 239.143906
236.998520 237.229431 239.415924 238.912323 243.094498 244.814865 243.598541 241.414597 240.961044 239.155685 237.586899 241.873856 238.279449 239.000137 244.188751 243.923477 243.907104 241.984802 238.515228 239.853317 239.653091 239.904129 240.185928 234.033340 235.020630 235.418884 238.764267 237.857544 237.761398 236.540573 235.702805 237.563400 237.376236 236.705673 236.980789 232.467850 232.746689 232.858063 236.810593 232.800735 230.932800 233.206451 232.067947 233.399948 234.272278 237.614609 236.298798 236.568558 242.067734 235.628769 234.689362 238.273560 237.563644 234.984177 233.278656 235.174927 236.800522
240.472382 236.484192 237.507065 239.321503 240.717712 242.380936 243.132523 243.257904 240.771744 239.289291 240.531250 240.050079 241.136765 237.288254 240.400482 241.661728 242.593079 241.655106 236.957886 240.332413 241.333450 237.342010 237.924164 231.845367 235.229752 234.581299 239.530930 236.815308 235.099030 235.061310 234.768738 234.526596 234.870331 233.937469 235.304260 233.762146 234.309357 231.945267 235.887650 234.065079 233.611526 235.235184 230.580658 231.431793 234.133224 236.235184 236.189957 237.607239 239.090988 239.103027 237.481491 236.908554 236.707596 234.859161 234.981552 235.487900 241.591202
233.905823 236.737000 236.754105 238.711334 240.638367 241.899841 247.773788 242.873322 241.041367 240.379349 239.262985 241.219849 242.248566 237.766571 233.623657 242.340744 236.660294 236.192780 239.597733 239.441742 240.209274 234.599289 237.131195 233.400269 233.817368 235.895844 238.605942 235.924469 233.049500 234.502762 234.624908 234.080475 233.964249 235.187973 233.855331 232.717484 233.946594 235.970612 235.849335 231.214325 232.542297 236.758209 232.439850 232.288177 234.593307 235.449646 242.250946 237.781494 239.632874 239.066757 237.127945 235.545456 237.944885 232.869339 233.201202 234.556778 234.784073
228.903839 231.884613 240.109863 239.036880 240.832626 246.282379 242.052719 241.726379 241.887451 240.192413 240.046295 239.018280 241.350464 243.660217 237.475800 239.382065 247.548447 244.296234 241.302536 239.178238 237.715591 236.753189 235.998550 234.314651 236.265228 232.680283 236.964325 232.345642 234.938522 233.807068 234.385071 235.808868 232.337402 235.093384 231.141861 237.995438 237.053513 236.943985 235.017807 229.615906 229.855621 234.356567 238.232605 234.198975 235.681320 236.003357 242.067261 236.963745 238.164429 237.880859 235.713013 234.741226 238.553864 235.982803 230.949753 242.508545 233.618149
226.081909 234.964905 236.367661 235.611969 237.891663 239.874176 242.572220 244.202911 239.617676 241.264587 239.928345 238.557480 239.966827 238.718857 237.616013 237.821167 242.979095 240.116928 237.783066 241.140518 238.504257 235.897888 234.692276 230.507614 233.342545 236.685181 234.479858 223.624191 233.857925 232.733658 235.209137 232.571762 231.076553 231.681473 232.514252 232.752869 240.537109 239.709579 234.497482 226.781601 229.001724 231.995255 232.542084 233.580704 243.774216 235.360962 235.737823 236.599365 238.069321 237.491241 235.906540 235.380722 240.692612 232.235611 231.456512 232.825134 233.592560
229.949265 235.225098 234.501511 236.061844 236.975525 238.592773 238.429672 239.074020 240.648071 242.126846 240.949738 239.513153 239.114349 237.649994 236.284058 238.541000 239.547455 240.315781 240.720734 241.822968 244.186493 240.461792 236.132263 229.136444 231.616196 232.148773 229.447754 218.261536 228.321381 232.220932 234.038086 233.407288 232.700195 226.828781 226.189423 233.745529 238.640732 240.162308 234.909256 229.266861 231.038742 231.828491 232.581924 232.971268 235.453217 236.061752 235.675766 235.777451 236.732361 237.024017 235.906952 240.737305 235.011551 233.918289 233.336227 233.672699 246.616165
224.703262 230.726807 227.874146 231.843109 236.750458 238.021820 236.240860 238.155731 240.982574 242.480408 241.552734 240.876205 240.310425 238.187759 235.826645 236.959091 238.085907 237.522980 236.200958 237.512436 237.408112 238.066086 233.665817 229.785934 232.426941 231.862839 229.055725 217.914017 227.668747 230.968521 231.725266 231.537064 231.737717 230.339798 228.666656 230.006638 231.972153 234.749878 233.146332 226.985764 232.766617 234.165085 235.391129 235.416580 234.488281 235.208252 234.728134 235.022415 236.077850 236.620850 241.212036 237.078308 236.518845 234.756241 234.782059 235.627029 236.406036
221.012970 227.278488 228.485779 232.542389 235.742371 233.645050 234.566910 237.605743 240.717957 245.240250 241.715912 244.093613 240.058105 239.960068 238.953934 238.124069 238.953659 239.225403 237.886642 236.019379 238.051346 237.373276 237.812561 237.958649 231.450912 230.715393 226.618896 219.943130 231.992233 229.220779 232.642609 231.534637 232.962250 227.724579 227.667221 230.900635 235.830475 235.139221 232.825882 229.240326 230.136429 233.538757 237.535843 234.642090 233.700027 233.536362 234.221146 235.397247 235.946381 236.507721 244.298019 238.542862 238.061829 237.556610 237.608780 238.271637 238.344925
225.501038 224.046631 230.902313 232.325104 233.146729 235.666245 237.080856 237.227234 238.269760 238.676544 239.587769 243.470184 240.241669 239.515213 238.825607 237.942429 237.760666 236.591766 235.901047 236.004227 236.161179 236.317047 235.095245 234.335480 233.362930 231.356720 225.312988 221.711716 232.257233 231.909714 231.784790 230.749283 232.162354 230.232635 230.747681 228.177094 236.112885 233.985046 232.634048 228.921249 213.059540 232.617172 236.910919 234.806961 241.400940 234.762436 235.408417 236.636581 237.496841 237.662170 237.647461 241.344177 237.020065 237.273102 237.909470 237.914291 237.828934
231.488632 231.143143 228.992188 231.808060 234.319931 234.799500 239.973587 237.810196 238.863708 241.816574 243.061752 238.322311 238.520081 237.532700 238.231949 238.281555 238.003433 234.985474 236.129761 235.572113 237.765152 236.188095 236.295563 236.114471 235.720566 235.965454 227.201843 222.798111 231.348969 231.572174 231.055466 230.907196 233.299286 229.728363 227.153000 227.484665 230.877258 235.086624 229.061829 230.284485 218.100220 234.836823 236.692719 233.890335 233.406799 234.566086 235.555984 235.691910 236.567856 235.956039 241.477646 238.514664 236.397049 236.838593 238.616348 235.147705 236.349350
231.464233 231.365051 229.711212 232.729935 236.102051 235.047775 239.103333 237.191299 238.158493 238.073944 238.201477 242.661926 237.574219 238.214050 240.340027 240.634079 240.573334 239.579834 236.326675 235.797424 235.302399 234.694092 235.380814 234.478149 235.093201 230.705261 234.392014 233.246460 232.963928 231.760956 230.803864 230.984833 228.469620 231.278564 230.022568 231.859207 229.941849 230.467850 228.123260 229.743576 229.784210 232.210144 234.497437 230.477844 229.889481 230.232147 235.596039 235.548904 235.589493 236.261063 237.636017 236.735367 235.506912 236.147461 235.738815 237.724258 233.160004
233.165527 234.060165 231.629761 234.158249 236.889145 235.524536 240.024689 238.345932 241.666428 241.882401 242.678116 242.410446 244.222702 241.291275 247.281860 246.892761 253.789322 247.258209 243.945190 242.981430 242.226410 240.109543 237.252213 238.184204 235.009369 231.981216 230.428604 230.731476 231.495361 234.321716 233.510864 227.829071 227.601730 227.899353 227.816971 228.894836 230.230682 231.156219 228.984558 227.237137 228.541397 231.554016 226.371338 231.170792 232.099670 232.287338 232.832489 232.679810 233.439941 234.023315 233.932236 235.634720 236.621368 235.729462 236.314087 234.750061 240.483658
234.216293 235.455887 239.760788 237.039047 240.663818 236.679367 240.572037 242.314743 243.322311 242.608795 238.702972 243.513092 240.438660 237.000061 236.431015 237.757980 241.534836 247.305939 257.673553 251.364090 247.149826 247.082245 243.563721 241.144958 236.977753 233.920807 232.966812 231.505035 232.736679 233.230331 230.831985 230.758606 229.734802 230.160324 229.202530 229.805054 231.323334 230.571121 230.422516 230.626968 232.926636 228.659546 228.510712 227.744949 232.488754 230.453430 232.307236 232.549835 232.823441 232.934860 232.430435 234.637466 235.454224 234.939560 235.220154 235.651871 237.544754
235.862366 237.876907 240.353241 240.400879 238.565338 238.287460 241.944687 242.513077 243.259140 243.920273 243.703110 244.191605 240.499680 229.989319 235.078110 233.452881 234.703690 235.958984 239.878235 242.296478 245.562439 260.274078 256.547729 249.714249 240.137894 237.192459 236.095383 234.256943 233.377182 235.347534 234.760361 235.036743 233.853516 230.013809 232.400894 234.255585 232.941254 232.732452 230.721252 232.605576 234.911026 232.913361 229.622162 228.348663 233.141129 232.645950 232.949097 232.829193 231.836334 232.567810 232.430954 234.207458 235.113663 235.166611 235.624039 236.995987 238.971786
233.954224 236.891403 240.497131 239.856522 238.297852 243.948212 244.645752 244.924042 244.327271 240.155731 239.882370 238.767136 233.527237 232.473587 233.649765 235.439499 237.738235 231.361176 236.940826 238.006485 238.442230 241.845261 259.776886 250.873184 244.672394 239.829941 237.977219 235.206940 233.682892 234.221924 234.616150 234.750031 234.907867 229.076874 230.556717 234.474716 235.724380 234.440231 233.618103 235.691345 235.710999 234.243500 231.846863 228.510300 233.642075 232.197311 229.693741 230.639297 232.132904 232.176331 233.060074 232.903488 233.541229 234.569427 235.349960 235.743210 236.484558
231.457901 234.019348 238.483551 237.995987 237.872833 244.378342 246.257904 246.344345 245.795441 243.977036 242.975296 239.519165 232.825882 228.749115 232.099792 232.627823 232.846207 236.933350 239.678864 234.113235 236.524490 238.684586 239.031479 243.483398 246.735580 246.802689 237.032501 236.963409 235.916901 235.139557 232.915405 233.862061 231.862946 235.430435 234.884293 235.204880 235.795410 236.824051 236.785431 237.135971 237.102814 236.417038 234.677567 231.618713 232.899109 231.919022 227.508011 230.690506 232.139359 234.201797 233.411621 233.814041 234.471634 235.152069 237.165924 237.349319 237.522675
233.540649 235.887619 240.263428 237.282135 237.716293 246.481232 248.726608 247.823120 247.305191 246.658920 243.167816 238.109924 232.688110 231.922501 233.957779 233.474121 234.253357 234.528122 234.523987 236.089951 234.640060 236.083572 236.361633 237.947083 236.806305 235.402649 241.955139 235.464371 236.537064 235.705185 231.298706 231.516724 231.784607 233.690521 234.973587 237.022812 237.707870 236.008698 234.086594 237.182800 237.242355 237.903976 238.407440 237.148315 237.011978 233.049408 234.807098 231.332306 234.013412 233.584641 232.287949 232.370605 233.655624 235.580109 236.071289 236.528076 235.218170
236.044052 243.079941 240.265442 238.337860 238.448715 250.347443 249.742126 250.620087 248.814087 246.888840 246.124344 239.142212 234.061829 235.288437 235.204346 235.468307 235.839340 235.884521 237.202713 238.261032 234.377991 235.573624 236.981598 236.927170 236.986496 237.856964 240.859924 237.740784 238.062103 235.342545 231.703369 231.015564 231.845673 232.320511 233.558365 234.289795 233.848114 234.205612 235.874329 237.357300 238.055771 238.672592 239.315933 242.154510 240.395844 238.492340 237.540253 237.588058 237.034790 234.814392 234.577835 234.003677 234.854462 235.690964 237.988602 238.382126 236.935867
237.087723 243.092041 241.709824 240.216949 239.985596 245.137878 254.328033 251.790451 250.910049 248.609039 242.118729 239.960724 235.580673 233.341705 236.662109 236.552490 237.091354 237.744598 238.628006 239.445099 235.835419 238.596024 237.497482 237.665619 234.648544 234.128632 235.727234 236.757919 236.817291 235.372009 232.138596 232.371613 234.170959 233.722916 233.643921 233.676270 234.553177 235.166962 236.210739 236.297577 238.397873 238.733032 238.891388 236.277786 238.094864 238.829361 238.407913 238.957794 240.286133 239.289032 238.366486 234.364365 237.316055 237.617798 236.233704 237.718750 237.661133
241.933411 243.738495 242.428741 241.812866 243.030624 258.423859 258.366882 257.075836 255.035751 252.491882 242.061829 240.897125 240.543289 243.756927 239.020401 238.781982 241.163773 239.305527 240.020630 240.500153 240.146744 236.979431 239.688995 238.860764 236.849289 235.229538 241.493561 241.444214 241.442917 235.272324 234.437775 234.690552 236.213455 236.037247 235.592163 236.075058 235.791458 236.426697 237.181793 237.811234 238.121155 238.113907 237.642075 236.546158 233.885056 235.517181 238.137711 239.685806 241.363907 241.382248 239.320541 236.634583 239.443527 239.904633 239.201614 238.791779 237.759399
244.207001 241.977600 242.621490 243.013397 243.484924 254.950134 254.641815 261.820557 259.625092 258.007599 243.100571 241.667694 240.963394 240.506546 239.884552 239.743393 239.938110 240.128647 240.102463 242.406586 240.336121 239.834747 238.878082 237.974274 236.590485 237.681015 241.572388 237.599991 237.098740 235.342850 235.266968 234.926163 237.047028 235.620239 236.744827 236.842239 236.736847 236.651596 237.259399 237.999527 239.928238 237.292831 235.874603 232.446487 233.032913 234.438858 237.137619 238.709778 240.476639 240.015579 238.804565 237.612503 241.196579 240.658279 240.703278 238.323853 238.641205
