FlamMap_files/Wind/wind_speed_S1-2-5-6.asc
NCOLS 334
NROWS 300
XLLCORNER 372000.000000
YLLCORNER 5724000.000000
CELLSIZE 30.000000
NODATA_VALUE -9999.000000
[rows 26 to 51 of 300, columns 180 to 239 of 334]
10.383609 18.110243 15.715117 15.185174 14.528480 15.166948 16.330284 17.412794 16.229408 15.612321 17.162853 16.605011 16.593449 15.854436 15.913995 14.294343 16.641733 15.321315 15.996265 14.941183 15.015746 17.269560 16.534575 15.475440 14.955036 15.377745 14.582076 15.988320 15.299460 16.092638 16.405758 16.752058 18.042747 17.477160 18.459982 17.577351 15.814507 17.069405 16.191383 17.197060 17.026190 18.133560 18.008699 17.667084 19.576777 17.415161 20.267450 16.948580 19.747362 18.518389 17.751043 17.948269 18.190571 15.258674 13.811389 13.539238 13.045911 13.997228 14.349945 12.955135
21.526901 16.793091 19.170818 17.756865 17.992615 17.558168 16.923319 16.505358 17.472979 19.915312 11.684807 19.369085 18.740587 18.370792 16.232615 19.708805 18.337999 17.262415 17.430809 17.501213 18.164978 18.147017 18.170366 17.995913 18.673567 18.234501 17.474747 17.438181 15.250101 16.111732 16.229027 16.557575 16.756037 16.263077 16.909405 17.656797 18.339777 17.148821 18.948572 19.481407 18.043819 18.592058 18.957424 18.259956 21.029716 17.844509 18.772163 18.431017 13.157106 7.757661 14.580189 15.546268 16.556688 15.345569 14.047157 14.741455 14.673024 12.154399 14.748411 12.438540
20.637938 17.825541 18.566534 17.823271 16.505825 21.019995 20.409801 19.226801 11.962383 7.680717 7.950883 8.296738 8.244878 7.901157 7.219049 19.264021 16.437960 17.873190 16.949875 17.773787 20.145996 18.114365 18.334118 17.824112 19.333582 16.101452 16.410704 17.070360 15.464819 16.059378 17.248028 19.507328 18.904482 20.280254 17.970335 17.739990 18.335911 18.164068 18.998379 18.525490 18.615622 16.784880 16.889088 17.644361 20.897680 11.731283 17.513483 8.960270 13.870569 7.907582 14.875771 15.013031 16.554516 16.246572 15.479156 14.568163 12.868616 14.129199 12.945425 12.083093
10.468449 11.105949 15.123943 10.060064 17.625362 20.694818 20.209055 20.526974 17.849590 16.645313 19.455050 21.138525 9.125329 9.052232 8.558236 8.943316 18.688564 7.445532 14.680869 17.392962 19.353518 18.563782 17.968395 18.838860 19.378704 16.366501 16.152239 17.243423 17.516617 20.246723 19.701893 20.654238 16.311295 18.494265 19.640709 21.698950 20.201502 17.691536 21.466913 20.707790 19.081308 21.508963 20.886255 23.034201 21.576923 10.669585 9.425164 10.657384 8.648196 20.357428 18.661308 15.776729 15.543702 17.545803 15.554204 15.564981 14.489965 12.948392 12.086552 12.146519
12.243970 19.139648 22.947977 18.512505 21.971981 20.486088 16.320522 9.427542 8.224356 16.774616 15.469493 20.637562 13.347982 9.462036 9.524248 18.148283 21.912867 18.824266 18.822580 20.384398 19.366581 20.443844 19.484631 18.503740 17.490170 17.902878 18.200003 21.042629 18.982220 16.359463 17.891205 17.518425 16.942011 19.162914 17.765530 20.753036 17.809179 21.883951 19.702923 19.622110 18.169842 19.260815 21.827971 10.927387 15.462143 19.685717 15.757279 12.431892 11.999492 16.712984 14.477479 15.183152 19.699480 16.533194 14.939289 14.650254 14.670766 15.784128 14.656433 16.273071
12.394625 11.687261 11.176457 10.834705 10.360001 10.674721 11.263605 11.305312 17.965139 8.308095 7.447295 10.584806 8.312735 9.404256 9.754008 10.144990 21.921255 21.960363 23.125387 21.920938 8.373862 8.681074 12.224690 21.828650 19.805912 20.573238 20.185982 21.668240 20.882771 19.304398 19.738037 19.965406 19.545004 19.129108 21.039490 18.920439 19.095808 18.155952 19.882019 19.710737 18.517359 18.009361 16.414207 11.376617 11.463324 11.077378 11.927410 19.523029 16.526012 19.229715 20.098278 15.792941 18.777601 20.981775 20.975990 19.264141 17.125929 15.948740 15.331710 17.048786
13.517413 12.775983 12.147347 11.766024 11.342676 10.754745 10.331223 17.040775 10.513641 16.331291 9.748676 15.277526 8.302763 9.174221 12.734509 23.299349 20.025892 20.418592 19.162106 18.561207 14.194641 15.554935 9.848082 9.891137 13.735993 21.204723 20.430216 21.456593 20.484749 22.041611 21.946499 22.107004 21.400373 15.655933 13.058915 20.067961 20.053007 17.872799 17.499960 17.542931 22.709700 15.154758 16.070005 11.526460 12.118504 11.964766 11.447508 16.659670 19.530792 15.293636 17.404678 18.074457 14.354918 11.620583 8.362508 13.042722 14.341929 15.896910 17.896305 15.422291
25.868387 25.798609 25.975080 13.568974 11.748792 17.211559 18.317583 17.381807 19.689854 10.747663 10.772303 9.122671 9.536109 20.648109 16.863268 19.259314 23.420788 11.043777 11.790948 12.152350 11.551250 11.233742 11.117761 14.054562 10.630401 11.376012 14.262067 22.747622 21.440428 20.493195 20.986893 20.322754 22.635757 21.498213 19.684851 14.772840 10.215022 15.517858 24.436880 24.045900 23.595474 9.790841 14.443496 11.045686 11.988904 12.123825 11.784857 11.212691 15.134391 14.581144 9.557986 12.151855 10.605512 9.466596 9.061887 7.759562 6.884800 6.946114 6.989615 19.548840
13.838766 17.506039 13.085580 12.854462 12.275432 11.878825 11.827596 9.697578 15.184246 11.034274 10.179672 10.088667 10.199085 12.574573 21.252060 23.661263 24.795044 11.826287 11.960835 12.269335 12.241390 12.323171 12.222399 12.449415 12.187896 11.851084 11.380093 10.812155 10.949649 11.207676 11.281910 12.426562 12.216301 10.384786 15.329145 22.334547 22.348068 19.499462 20.626207 19.750425 21.356819 23.188610 23.170891 12.288063 11.760670 16.418959 11.840078 12.634772 12.160480 11.854337 10.235348 10.788136 10.864524 10.575017 10.078021 8.924906 7.957985 7.267670 6.681464 6.881191
13.489426 13.084476 12.894693 15.905697 12.789853 12.242691 11.346264 10.467873 22.016653 12.417086 10.479590 12.045235 9.922660 12.666796 20.074211 22.055248 24.247353 12.763207 12.432958 12.705630 13.825534 12.873396 12.954570 12.922771 12.869170 12.679790 12.660612 12.339554 11.903350 11.936221 12.056055 12.092656 11.981776 11.505100 12.047493 10.685359 10.801150 11.376862 12.053214 12.029250 11.456318 10.929169 19.202198 11.459657 12.165179 12.254274 13.176109 11.645991 15.663177 21.388758 22.820910 23.199863 22.899324 20.696903 19.160313 21.141108 20.750677 21.431557 19.523438 12.948625
13.275070 12.947745 12.620681 12.957688 13.040468 12.419411 11.770593 10.925140 12.828197 18.638905 10.127436 12.153114 10.381917 19.583357 20.518227 16.280962 12.009637 12.726667 12.682736 13.020117 13.115032 13.562581 13.473117 13.488989 13.494623 13.339884 13.175913 13.257031 12.970496 12.880857 13.061536 13.217769 12.942941 12.520592 13.121927 11.736143 11.797108 11.916142 12.055841 13.208622 11.779410 12.430733 19.524609 12.222410 12.663967 12.465702 12.175130 12.079231 11.843671 11.604833 11.760162 11.098700 10.719367 10.788664 11.117361 10.700814 11.253348 22.052515 20.758936 19.978783
12.970537 12.675361 12.295828 12.428866 12.487757 13.554395 11.677552 11.300194 10.495202 21.140005 18.884056 19.763277 23.031858 21.866566 15.756666 10.861114 12.019112 12.763924 12.938836 12.916587 13.253770 13.744021 13.811400 16.733501 13.902627 13.815395 13.703384 13.714646 13.691484 13.449728 13.536194 13.786133 13.733280 13.492549 15.618597 12.827048 12.952231 13.059553 12.957088 12.769823 12.406378 11.640750 17.255913 12.491974 12.925766 12.940352 12.457638 13.276755 11.913981 11.929258 11.730582 11.885245 11.367433 11.182566 11.118922 10.895939 10.511216 10.118977 9.578355 8.830014
13.783758 12.334240 12.035004 11.840544 11.775697 13.221457 11.496497 10.793303 10.592160 21.774734 20.657297 19.297606 22.927122 22.093428 16.051517 10.715945 12.284527 13.054478 13.053650 12.861573 14.160226 13.658644 14.004237 14.117012 14.365734 14.287401 14.238853 14.121436 14.070385 13.799287 13.839201 14.089787 14.256772 14.441876 15.186963 13.745566 13.818871 13.935673 13.837115 13.634965 13.001490 15.203265 23.060741 12.838515 13.332504 13.271974 13.023142 16.968912 12.460773 12.246643 12.003771 12.015679 12.111729 12.145997 11.886797 11.608165 11.253525 10.719903 10.113979 9.505031
12.199568 11.903971 11.574986 11.423829 12.491813 12.723356 11.331178 23.309208 20.207088 21.815676 19.624945 22.542330 21.281513 11.263619 14.669190 15.319413 11.834830 13.121940 13.185184 13.222235 14.360863 13.661423 14.076798 14.380410 14.389526 14.417866 14.418190 14.353471 14.266440 14.143827 14.121006 14.355551 14.607470 14.665921 14.275504 14.276222 14.365211 14.464863 14.416474 14.297597 13.920537 17.329960 18.158318 12.679417 13.212712 13.306234 12.952076 25.688131 21.365221 25.253517 22.263144 18.021791 12.272969 12.422569 12.194930 11.922883 11.687344 11.413384 10.966431 10.463363
11.958998 11.745030 11.201905 10.830214 10.679843 10.586816 10.855964 18.174255 22.568018 22.188900 22.571987 19.957521 13.828618 9.758650 14.275069 18.012709 12.175987 12.325850 13.126247 13.155209 13.339170 13.561028 13.937368 14.581369 14.886974 14.683858 14.642047 14.583804 14.506670 14.343478 22.077646 14.137531 14.373870 14.545390 14.486162 14.326834 14.427392 14.557775 14.577145 15.638689 14.335099 14.948694 14.323192 14.036928 13.258316 13.383681 13.122441 13.086566 13.027690 12.840285 12.764484 12.603788 12.438271 12.590930 12.562007 12.381799 12.134602 11.766850 11.346871 10.884787
24.002687 24.062553 23.340124 10.575301 10.103692 11.195087 21.832819 15.664839 21.162540 21.980305 20.675966 9.556234 9.582201 10.183036 18.120794 15.027653 11.223801 11.778814 12.384781 12.968409 13.159559 13.328293 13.707403 14.045474 14.777575 15.043660 14.850785 14.812815 14.741513 14.652060 14.257038 14.203318 14.391945 14.772099 14.557853 14.705526 14.755048 14.846563 14.953167 14.927609 14.831449 14.601539 14.076329 13.649982 13.610719 13.657779 13.341253 13.056329 13.304294 13.023868 13.118930 12.922326 12.842035 12.751940 12.685158 12.582172 12.411658 12.082820 11.676476 11.249773
11.144027 16.582333 21.958961 22.014158 18.118999 19.078554 22.147001 21.793541 21.156294 21.469017 20.835569 9.293764 9.445133 13.163215 20.149471 14.515465 13.177593 11.110854 11.870023 12.218945 13.806991 13.365637 13.609210 13.740954 14.154160 14.821925 14.990914 15.114220 15.105433 14.824160 14.517330 14.355249 14.338381 14.808010 14.658394 14.782666 15.112337 15.309845 15.357965 16.356964 15.432022 15.245503 14.862043 14.438027 14.209278 13.937723 13.748158 13.356332 13.245315 13.317813 13.016737 13.003582 12.876801 12.668295 12.511001 12.408989 12.280017 11.973799 11.592458 11.225627
10.357254 9.132269 9.889463 9.788655 10.288788 21.221962 21.981493 21.512362 22.694345 19.408476 18.994011 20.570087 12.117129 10.361330 12.775765 13.074201 12.012813 10.020133 11.249249 11.830122 13.655602 13.048674 13.596634 13.703742 13.951691 14.329957 14.539760 14.646896 14.965937 14.916315 14.610455 14.321303 14.165093 14.435563 14.656562 14.906944 15.187173 15.454754 15.379075 15.482147 15.383759 15.548971 15.459800 15.183425 14.928465 14.464780 14.070002 13.784719 13.497827 13.305579 14.242370 13.191590 12.975913 12.837281 12.633799 12.500963 12.385633 11.855364 11.749505 11.483321
18.489138 8.558551 9.987994 9.115352 8.707244 8.015892 8.824106 16.681702 21.605448 20.113039 21.576717 9.669864 9.750569 9.693315 9.989247 8.124785 8.650206 12.505566 10.094924 12.211050 12.935863 12.623090 13.247750 13.600976 13.936886 14.409393 14.624535 14.363177 14.488270 14.587017 14.422594 14.181625 13.979194 14.002249 14.481152 14.626855 15.024279 15.633346 15.756190 16.746042 15.606737 15.662957 15.651974 15.536851 15.311810 15.084940 14.597777 14.152652 13.798896 13.568785 13.275609 13.020641 12.917110 12.873766 12.752524 12.642880 12.435291 12.183212 11.798486 11.750398
9.242757 12.526982 12.570003 21.392788 21.105505 20.740509 18.704472 7.197203 8.011774 8.855144 14.187128 15.460052 17.212442 20.804766 21.576691 17.421352 11.986737 11.806664 14.983592 19.761625 20.620989 12.221364 14.616095 13.496252 13.968425 13.319963 14.169026 14.390516 14.276631 14.490901 14.227317 14.051627 13.824273 13.799039 18.108644 15.417218 14.580243 15.124095 15.438148 15.409393 15.302861 15.323110 15.328077 15.334826 15.227837 14.997274 14.683145 14.322486 13.990465 13.788396 13.403329 13.224980 12.963317 12.854997 12.734447 12.652153 12.683672 12.125628 11.851917 11.623204
8.781094 18.214180 20.617075 9.272025 14.225055 21.181366 19.129665 7.523261 8.967795 8.467519 8.393488 9.100942 9.362372 21.284523 20.882917 20.950871 16.280918 20.640011 21.185469 12.852481 17.937466 10.868092 10.782190 16.987907 18.779257 13.611048 13.065718 14.597665 15.174629 14.297949 14.168729 14.007318 14.866157 25.282894 23.995220 24.756983 21.616724 14.744297 15.471237 15.593999 15.638250 15.517205 15.270937 15.298862 15.324516 15.154674 14.840539 14.496160 14.184283 13.942273 13.740963 13.286615 13.033258 12.866893 12.844988 12.787573 12.761935 12.353091 11.999906 11.565343
8.726563 16.909309 11.246593 17.821510 20.914181 19.128864 16.193413 8.901175 13.307880 17.187500 9.369171 10.811189 8.930450 8.339332 9.010606 9.289508 10.116369 11.581028 20.556381 19.669479 19.639982 11.009425 11.587111 11.125202 11.569757 14.565639 11.991666 15.278817 14.220691 14.494989 17.610950 15.908999 15.802385 21.010038 16.462032 21.754414 12.679611 25.305485 15.649945 15.230228 15.468155 15.641418 15.303135 15.341166 15.393207 15.292500 15.005363 14.658087 14.467854 14.093506 13.775897 13.561571 13.347404 13.147485 12.942149 12.794860 12.768705 12.802176 12.222326 17.187208
9.818727 14.490974 12.238693 11.333084 11.805902 7.839570 7.631706 7.521100 7.230173 8.621136 16.891527 17.333694 17.083996 10.860400 8.555722 8.979954 8.909838 8.722558 9.106954 17.856724 22.568079 21.483690 19.867477 17.954721 11.814163 12.421885 12.224648 13.353521 12.531267 12.842890 15.795792 14.179032 14.235719 14.106051 12.658916 14.422637 19.048954 23.239738 24.432297 14.318827 14.988090 15.262392 15.431323 15.551718 15.370608 15.336283 15.119826 14.749707 14.693523 14.434488 13.806115 13.595448 13.485082 13.415313 13.027688 12.953226 12.686964 12.932363 13.839661 20.422663
8.548588 8.290959 10.688866 11.998831 6.976816 7.809753 7.982078 7.451996 12.465691 6.994651 7.241270 12.866503 8.157946 9.344290 13.608785 20.195377 12.602592 17.600925 8.581909 8.915542 19.443375 10.486664 11.017567 13.776328 17.139153 24.988594 25.132298 14.101146 12.887537 12.883021 12.991994 13.340468 13.593995 14.823992 13.238295 12.641922 11.156208 19.701893 21.218130 12.928202 13.775346 14.144387 19.038527 15.316723 15.234339 15.281014 15.201694 14.885274 14.492188 14.422994 13.940129 13.471263 13.254595 13.149947 13.171316 12.783869 12.780308 16.845579 24.322582 15.768903
8.178887 8.411907 10.765321 17.561090 16.164351 11.140878 7.949673 7.597406 13.608460 18.830982 19.608812 9.379107 8.362107 7.791063 7.778059 14.537960 17.786940 20.619484 21.163876 21.195232 10.211282 9.939586 10.817933 11.039135 11.153543 14.498878 15.436168 25.549107 25.688643 17.417400 14.028337 13.411299 13.704545 13.669534 14.645095 13.206640 12.092097 13.577651 20.700764 18.829931 12.970942 13.488093 14.861732 14.632607 14.938679 15.135491 15.189108 15.047093 14.650876 14.211554 13.902629 13.553696 13.287789 13.127182 12.936831 12.786840 12.748083 21.490088 20.558973 13.266781
7.454488 16.007393 17.732775 17.415068 16.358152 15.105141 19.538315 19.014805 17.714485 14.281278 16.550854 13.507691 12.159153 7.041430 8.430203 12.674850 14.908268 14.061567 12.565246 20.894569 17.857571 21.891712 11.680090 10.968859 11.048230 11.483448 12.164479 12.711177 13.265170 13.201909 23.216099 18.693319 13.234268 13.650989 13.715458 14.570178 13.998736 11.541775 11.660781 21.904148 23.748152 13.163610 13.373161 18.310936 15.907938 15.090253 15.030369 15.072426 14.839506 14.389738 13.966600 13.667400 13.394876 13.157032 12.903681 12.752889 12.544861 21.404259 12.395904 13.105039
