FlamMap_files/Wind/wind_speed_S1-2-5-6.asc
NCOLS 334
NROWS 300
XLLCORNER 372000.000000
YLLCORNER 5724000.000000
CELLSIZE 30.000000
NODATA_VALUE -9999.000000
[rows 130 to 155 of 300, columns 0 to 59 of 334]
17.009489 14.811016 20.158863 16.780870 15.675663 15.132774 19.162790 16.488392 18.813232 15.291120 18.920206 19.161196 17.835712 18.597126 18.622408 20.555935 19.540607 21.577532 16.367764 16.350180 16.352972 17.233093 16.258322 19.195742 19.642076 19.702509 20.222864 18.852036 17.391239 16.568314 19.147573 19.454290 18.367630 18.249115 14.873786 17.996992 15.146837 18.284214 18.716522 15.183431 16.242281 16.054598 16.818220 16.576002 18.923719 16.973835 16.408529 18.287031 15.107078 16.220381 16.010300 15.627354 17.170919 16.251709 17.712662 18.857424 18.089544 19.551462 19.602320 18.920155
19.912832 17.258535 15.485077 15.200364 16.253035 18.376221 14.736761 15.888200 17.729740 17.960920 18.532005 19.778797 19.613415 19.661812 18.956648 18.969978 17.840851 18.389593 16.339447 15.431954 15.207742 14.281321 15.118113 16.718481 19.724535 20.935785 20.638243 16.172756 18.542883 19.326763 20.196203 19.630720 18.608059 18.136271 17.480677 16.551262 15.021061 13.953236 18.369516 14.602420 14.916677 18.046253 16.525019 17.590092 16.882137 18.185478 18.457888 17.134941 15.588212 20.348671 18.589655 17.405476 15.156300 15.352375 16.907772 18.713667 19.092085 19.731056 20.454668 19.756269
17.198719 14.851517 16.704618 16.063078 15.782852 16.437510 14.566302 17.716362 18.583944 19.097839 19.976837 20.393557 20.298653 18.970562 19.439718 17.020750 17.030979 17.375927 15.815322 16.876570 14.889367 14.670490 15.525922 15.579199 16.553135 20.170403 20.185646 18.827118 19.389273 19.512686 20.368004 19.194023 18.897408 15.544924 15.845455 16.290695 15.195407 16.134575 13.860732 16.745440 14.814928 16.029530 15.845362 15.839502 17.615715 18.669155 19.471762 17.608540 16.414415 15.509038 14.488677 14.581376 15.430470 15.967197 15.811314 17.214054 19.736984 20.721355 21.381451 19.359409
19.068426 14.645697 14.991016 16.699337 15.946749 16.824398 17.018013 18.203199 16.395981 18.940727 19.906197 19.773762 18.993893 18.359928 19.582495 17.102657 17.186462 19.472031 18.513216 15.127672 15.065814 15.890372 15.451348 15.661241 17.168362 17.872406 19.391733 19.306458 17.789738 20.386431 20.276840 20.785599 19.867306 16.408651 16.899420 16.116577 16.234148 14.699748 15.064545 14.666127 14.302985 17.947945 17.497656 19.510254 19.001945 18.839558 18.329634 16.010881 17.202856 15.765562 15.831510 17.153028 15.539255 13.851240 15.778909 15.197401 17.472792 20.842194 21.360001 19.102152
16.945820 16.158491 15.518121 16.816107 15.837387 19.886557 18.853477 18.090082 14.480719 18.837263 20.553595 19.743164 18.073130 18.412579 19.575224 14.980918 14.781565 18.307688 19.200254 14.894931 16.007994 17.017115 16.033236 16.062855 16.611795 17.117285 18.935791 20.424597 17.137943 21.206877 20.275999 20.153366 19.927620 16.035471 14.840545 14.810731 15.047494 14.858298 17.076660 16.897362 15.370395 15.263523 15.240760 19.494686 20.178280 18.354868 17.473490 20.380589 16.848461 18.087729 17.399363 16.310247 15.581469 14.513227 14.376299 17.110542 18.264019 18.996365 20.378954 21.260651
15.076890 16.047550 15.714069 14.892298 18.483309 21.009043 20.962589 14.961469 12.038610 18.457523 19.962620 19.716331 19.585756 19.017349 17.245710 15.193770 16.933516 18.029888 15.092217 16.087124 15.802743 15.111364 14.452139 16.205767 17.089407 17.567635 18.269785 17.732162 18.277685 19.916985 19.526268 20.127230 16.615540 16.225554 15.267942 17.205515 14.685484 14.203276 17.578545 14.686515 16.509144 17.200930 17.323610 18.658287 18.412718 17.698050 16.624327 15.854121 16.339399 16.559240 15.161718 15.597013 17.186855 15.513843 19.283133 18.080322 16.720222 18.225979 19.289089 18.476667
16.542505 15.646512 15.471915 17.085619 20.098555 19.670523 20.388611 14.590856 14.941215 18.065924 19.795156 19.693232 18.957211 17.356365 15.509572 15.236635 17.349049 17.178656 16.756117 16.412491 15.083328 14.609666 14.873036 16.681606 15.141635 16.698875 17.944908 17.192713 19.984444 20.628084 19.643673 19.360222 16.691717 16.479019 17.309664 14.880383 16.806629 16.862333 15.206209 14.652054 14.108227 15.292938 17.572763 19.237150 20.485895 19.064812 18.080521 18.197535 16.446238 17.160198 16.521122 18.400856 17.157141 17.940947 19.957336 15.657698 15.995637 16.286406 18.233391 16.345695
15.986999 14.651524 16.918987 14.110947 15.079496 18.584723 19.850674 17.096191 17.370272 18.085373 18.953535 20.795954 20.232201 19.312700 15.321820 15.635926 18.244419 16.296797 15.992476 14.693693 14.411251 16.245323 14.946717 15.138022 16.382053 16.224079 16.736208 19.750128 20.050322 20.670967 19.887407 19.372992 16.609390 16.986483 18.158897 15.324784 15.858096 14.648548 14.535258 14.419913 15.083673 13.425238 16.242426 17.968172 19.851357 18.993179 18.355576 18.964033 17.374548 18.779415 17.349363 16.877563 17.486954 18.403065 17.700151 15.083088 16.305004 16.954479 18.466757 17.339169
17.570028 15.028656 17.881601 14.100427 14.006681 15.106627 17.614786 18.078773 16.266115 16.883802 18.893366 20.342770 20.377346 16.293785 15.153063 17.402744 18.731615 15.025154 15.627724 14.975949 14.563457 14.735600 14.342881 16.047789 16.556339 16.357573 17.703966 20.424379 21.289080 20.500681 20.055380 17.226835 17.653761 16.046482 16.846203 16.642439 16.372969 17.452866 15.367656 15.434679 14.315837 14.812201 14.388812 16.433371 19.143419 19.363556 19.984879 19.643988 18.449013 19.340443 16.745972 16.182184 16.104286 16.625084 16.999352 17.466228 17.690414 18.476566 7.518879 19.468956
17.628380 17.378464 16.284143 13.893347 14.727942 15.130148 16.820124 17.485151 17.320868 17.584248 19.561581 19.975788 21.544737 15.589119 15.912623 18.803549 17.849899 16.032368 14.967272 16.061573 14.919547 14.667665 15.714777 14.520499 15.474681 16.742615 16.856651 19.775251 20.458157 21.061407 21.345007 20.111002 17.581089 16.395842 15.686752 18.965649 16.611614 16.881300 15.938249 15.846960 16.841478 14.773244 13.949139 15.166442 15.883311 20.571157 19.726467 19.749796 19.563501 18.483219 18.185013 19.217941 18.733648 17.699938 17.986193 18.268185 20.280556 16.047031 21.363085 15.970929
19.636312 16.290956 15.193528 13.504362 13.417450 15.052630 20.436581 19.827988 15.622280 14.985305 18.843143 21.831043 21.368528 18.378948 18.684153 19.486065 17.960892 15.830262 14.678394 15.972397 14.968425 13.799801 13.667376 16.320118 14.643728 16.643988 17.243780 20.438139 21.103834 21.146553 21.110193 20.177738 20.141670 16.005943 15.423522 17.645359 16.516069 18.544710 15.006188 17.751776 18.286203 15.657415 15.089205 13.415804 14.801165 18.303177 18.823133 19.466009 19.683786 19.465475 18.694551 18.620909 18.917690 19.584393 20.823790 20.426804 20.798914 16.659639 15.985607 18.634859
21.097708 15.168382 14.698233 18.284288 14.335711 15.415421 18.631451 19.669348 16.796526 15.309566 19.849237 21.722681 21.576704 20.012941 19.682457 18.891958 16.874989 15.605483 17.210405 14.785619 15.529426 15.364008 17.047157 15.764755 14.699087 16.319958 19.343174 21.149817 21.416397 21.052855 21.186359 19.962557 19.752419 16.734606 18.326176 15.757220 16.832739 16.456076 17.455223 19.581917 18.143326 16.548183 15.439605 14.998999 14.828875 14.869747 15.882700 17.629189 19.297678 19.289410 20.521780 18.447643 16.886936 19.005745 18.487329 17.606022 16.796719 18.817331 18.942892 18.230591
15.335243 15.776509 15.821252 17.613451 17.673840 14.517200 16.569122 17.303335 16.967999 10.189397 16.902191 21.743124 20.672628 20.287809 19.136671 18.771221 14.756592 14.669835 17.016548 17.234213 16.197758 17.427454 15.943452 14.294006 15.428289 16.130171 17.542456 18.671064 19.730265 20.821850 21.091921 20.522839 17.882792 18.520384 18.020214 15.707597 19.034117 14.661248 17.391211 20.193813 19.941435 20.346352 15.088666 16.088436 15.951827 15.074880 15.405689 15.378802 17.631756 18.940031 19.053528 17.979527 20.085936 18.719854 18.387590 21.067905 19.230459 19.270630 18.394241 18.070543
10.650988 20.981173 21.688829 20.668682 18.826174 18.139709 18.422146 14.865431 14.612809 17.650192 17.674692 19.431099 20.823004 20.322058 19.928097 17.024706 15.786477 14.409782 15.484996 14.975325 15.967917 14.971332 16.044470 15.689578 15.797273 16.021193 17.547899 16.813736 16.867254 19.083549 20.049009 19.098108 16.969900 16.755793 18.096092 17.212885 19.302513 15.897973 15.578755 16.346533 18.169357 18.434402 17.031097 17.860815 16.319620 15.886700 16.704416 14.767768 17.511375 17.476294 20.403334 17.900499 17.333214 15.574998 18.795784 17.661522 17.684099 17.929560 17.331472 17.498997
8.025483 20.872137 22.321493 22.615269 21.221182 15.419583 14.021067 14.377519 14.654099 17.482096 14.148520 18.521692 20.794409 19.848598 20.083858 16.064228 15.643509 15.031226 15.063562 16.602734 16.091442 15.422549 16.370684 13.612495 14.894036 16.433039 17.056316 16.673445 17.698807 18.787415 19.891596 17.963541 18.995869 17.978825 17.017054 19.343151 16.078592 13.532144 17.021166 16.345078 17.950054 16.291056 17.178410 16.632227 17.088797 14.755842 16.045624 15.248913 16.975487 14.973182 15.234826 18.497313 18.341955 21.233437 20.903751 17.276070 16.799196 21.138521 18.333706 20.955149
13.129659 16.105804 21.917542 23.095257 21.111092 14.852523 14.068521 15.605650 14.970051 12.748290 16.719934 17.603266 20.482210 20.554102 19.517859 17.088882 16.859383 15.091522 16.190363 14.833968 15.997358 17.181505 14.371919 16.287102 15.165443 17.976004 18.391333 18.018629 18.228897 18.462118 19.539701 17.084045 17.286274 21.155613 16.322201 19.055412 15.158476 15.044197 14.820141 17.161961 16.010029 17.246164 17.165216 16.373827 15.515497 16.270714 16.454695 17.315538 14.961072 16.042845 17.875025 18.885035 19.004641 16.406126 16.764116 20.931742 10.548596 9.383525 9.833767 15.387163
16.162432 17.561714 20.673941 22.202959 17.884607 15.184505 14.859930 15.946545 16.086874 13.951320 12.410127 16.618912 20.134571 20.609703 20.405565 15.682074 15.499961 15.401943 15.127864 14.930657 15.758203 15.778193 14.940908 14.164843 15.971173 17.122866 17.414722 17.763338 17.243788 18.866938 19.176653 16.651121 16.655842 18.947580 18.432095 18.243048 17.319061 14.727167 14.270782 18.438845 18.294161 16.254463 16.548481 19.010725 15.538054 17.451748 15.520026 17.841492 15.641984 16.806179 17.034451 18.920818 18.572987 16.560474 17.515846 17.227831 21.568995 16.798918 17.172459 8.941647
18.407671 18.878677 15.502185 19.995871 17.162502 16.669630 15.793674 16.122923 15.361700 13.784149 17.273054 14.432988 18.971212 21.091986 20.402039 19.904964 19.503254 18.671051 16.649994 14.842738 13.598264 14.628086 14.671154 14.167160 16.997286 16.973467 17.762007 18.895859 17.793850 18.605173 18.158688 16.368824 16.783253 17.205698 17.236454 19.338964 18.594740 14.591223 14.593740 17.655485 17.222244 16.735342 16.334953 19.699055 17.097097 17.358656 15.609954 15.783898 15.755258 16.770643 16.566317 16.370243 16.030077 17.477873 17.687880 17.167606 18.384020 16.348040 16.216305 15.340180
17.519274 12.022618 15.744540 16.363997 15.494638 15.913088 15.498814 16.079363 15.347534 15.051274 13.895740 14.217728 18.616732 20.483440 20.886267 19.974854 19.618837 18.885706 19.115820 16.467682 14.135254 14.101165 15.263011 15.457719 17.545864 18.198624 17.557039 17.988373 18.850357 18.366859 17.946745 16.732418 16.296188 16.422268 18.567547 19.650145 17.838192 14.864840 14.893111 18.392017 18.793713 16.762306 16.477915 16.466909 18.111147 17.916370 16.928347 15.903931 16.050585 15.549770 17.082577 17.239927 14.954301 16.741219 17.130825 18.340855 18.910967 17.033495 18.842325 17.403885
18.429815 10.797960 17.941080 15.472026 17.183722 16.522167 16.261747 14.838870 14.991662 14.799268 13.071316 17.354517 17.199894 19.896246 20.363546 19.305910 19.048300 18.930641 18.619240 18.869549 17.133007 16.482109 13.401108 16.375187 16.676321 18.167356 17.452890 17.622868 19.204424 15.961493 15.257408 15.921940 15.787456 18.018744 19.356731 18.745708 16.524778 14.667982 15.323050 15.394924 17.246058 19.309904 18.015188 17.590099 16.555670 18.227642 17.301170 18.125364 17.361702 16.195269 19.143856 15.164869 16.254410 18.636864 17.424795 18.279623 17.368265 16.890055 17.206600 17.008183
21.550688 10.666981 19.246021 11.861010 17.237291 15.820237 16.222713 15.494216 15.964500 15.053894 13.278804 15.140515 13.502030 19.762394 20.689117 19.396441 18.386696 19.682421 19.451857 19.003040 19.101587 17.249794 16.199757 15.726475 16.753325 16.936974 17.402750 18.164099 17.900230 15.152281 16.646360 14.855196 15.926128 18.764637 20.059536 19.451656 16.311218 17.097143 15.879970 15.320812 15.728228 18.983101 19.417353 19.712858 19.332735 17.655895 17.473284 18.302807 18.439606 17.316683 15.443182 16.128031 17.961920 17.653358 18.382883 20.226967 20.414513 16.984566 17.085569 16.788752
23.609646 22.599836 10.126153 20.065254 14.913742 16.155155 15.921074 15.794423 15.396538 15.086986 14.846889 17.184616 15.891264 19.087099 20.731594 19.480207 19.195919 19.816544 19.602303 20.279745 19.183121 18.565720 16.169104 16.962103 17.450308 18.032272 17.748854 17.960852 12.126494 14.466513 15.296446 15.468415 15.496886 19.143190 20.449894 17.942585 14.624049 14.674356 14.913707 15.317599 16.341476 15.899291 15.613526 16.920483 19.022499 19.988474 17.576216 18.333698 18.347269 16.662306 18.830811 16.115908 16.653967 17.633770 17.721018 19.953384 17.644073 17.149578 16.370909 17.799440
23.650558 21.402103 12.884488 13.746715 16.439976 16.427084 17.233238 17.046667 15.839693 15.825103 13.980257 16.310724 17.578264 18.306528 19.751661 20.068205 19.920803 19.975594 20.386780 20.407936 19.393179 18.730591 16.988699 18.036779 17.734625 18.546558 18.819736 14.709008 15.622211 13.411549 15.716829 13.981432 15.586640 19.468885 19.464016 18.099657 14.481890 14.791899 16.659653 15.935175 15.676245 15.241459 16.108677 16.399345 15.695228 18.241228 19.061365 18.306175 18.168245 16.476992 17.236164 17.101315 15.394929 18.159765 17.061888 15.723350 15.438306 15.066739 17.748060 17.629044
24.412159 18.206015 17.550406 17.386250 20.548136 17.103224 16.720495 15.850235 15.532856 15.990781 15.512231 15.355668 13.941012 17.037664 20.131643 20.586454 19.990578 20.192083 20.574638 20.072891 20.077856 18.936291 18.415672 18.079439 18.218529 18.724428 19.245535 18.718494 18.727053 17.933844 16.520657 14.472932 16.351389 19.767317 18.566168 14.753577 13.986015 13.701020 18.503572 15.717117 17.221087 16.592318 17.449047 14.954053 15.480567 15.972601 16.966667 16.515696 16.902302 16.764034 16.994581 18.246359 18.090660 18.337502 15.843167 15.996862 15.364707 16.142710 17.106161 17.481539
23.720806 21.671339 20.316614 18.252247 17.257345 15.610204 16.899460 16.165920 15.502563 16.290836 14.689487 15.432395 17.567591 16.535732 20.325729 21.050364 21.136906 20.888239 20.779148 20.273796 19.141317 19.711279 18.611780 18.200212 18.662252 18.362352 19.004030 18.286604 19.069744 18.413137 17.571585 15.043006 17.810253 17.621487 17.716064 14.199687 18.532745 18.588516 17.235233 16.357780 16.652605 18.552555 16.039736 14.569729 14.885988 15.766668 16.869461 17.623188 18.090586 18.610310 16.443678 17.109652 16.574032 16.846525 15.846560 15.261253 16.107920 16.964603 15.969428 16.665859
23.356890 21.329800 15.340098 10.670809 16.656580 19.495356 19.887995 19.332613 17.206167 15.949639 17.182739 14.352736 14.236772 13.565713 18.633778 20.485922 20.080456 20.309519 20.260809 20.538790 20.449192 19.825113 18.724060 18.274675 18.078552 18.665644 17.528168 17.200493 18.774769 18.452869 17.658257 18.314575 17.882572 17.468685 16.515829 15.306019 13.590800 14.107176 15.209260 14.575457 15.270025 17.734299 17.179461 15.687674 17.663071 18.985495 17.092340 16.343826 18.787531 17.525442 15.523448 17.671947 16.169106 16.960192 15.955805 16.037430 16.181906 15.680099 16.114752 16.644270
