FlamMap_files/Wind/wind_speed_S1-2-5-6.asc
NCOLS 334
NROWS 300
XLLCORNER 372000.000000
YLLCORNER 5724000.000000
CELLSIZE 30.000000
NODATA_VALUE -9999.000000
[rows 156 to 181 of 300, columns 60 to 119 of 334]
17.739038 18.540186 16.126347 18.501787 18.074455 18.463194 19.048735 18.707428 17.462116 17.950790 20.300709 20.894367 22.327209 21.089521 20.758863 22.411840 22.868713 21.315805 23.442070 21.468090 19.068821 19.080313 19.902828 21.190535 18.500856 21.841494 15.449765 21.006744 19.140142 20.785072 17.733362 19.541851 17.516024 17.726334 17.706259 16.179806 16.998077 15.770911 15.496672 17.800224 18.303186 18.156151 17.550823 15.297675 16.214615 16.056410 15.534883 17.048679 16.248861 17.554907 18.275602 17.144552 19.235888 18.592573 19.281889 15.664957 16.366951 14.191838 15.304278 15.614568
18.199219 16.279467 18.837667 18.805817 16.988207 18.164801 17.831604 18.409662 18.182373 21.487715 10.992875 20.064585 12.020864 13.860020 13.755979 20.798464 19.160009 19.975998 18.636034 21.389820 22.327147 22.866018 21.948772 16.696001 19.644562 21.729452 21.417416 18.753265 18.593613 19.187298 19.029261 16.090372 18.226999 15.587857 15.964918 16.719503 16.878387 16.325687 17.392305 17.210030 15.481269 15.745097 16.371519 17.742434 15.034268 15.405657 17.408125 15.560768 16.611496 16.468271 15.749400 17.549826 15.901832 15.135023 14.070096 14.434337 15.037370 18.400164 14.657773 17.245323
18.699755 17.157286 18.347372 17.926279 17.218651 17.038576 18.613131 18.313238 19.212135 18.442745 18.231014 18.828102 15.851125 22.238214 12.604991 20.260603 17.922844 20.773977 19.984058 19.122835 19.853273 22.042913 21.615276 9.889884 9.786962 20.936338 19.372810 19.507442 16.976923 19.644951 17.564339 18.072458 18.175341 15.872175 17.150238 16.982784 17.498564 15.741784 15.080137 14.917832 16.904148 16.087769 17.871458 17.287806 20.350090 15.973626 14.757327 17.129436 16.184946 18.006828 15.706892 15.084464 15.425362 15.293464 15.297038 14.817281 14.803795 18.650326 5.323876 12.924944
19.261021 18.554567 18.129343 16.260269 19.461552 18.924826 17.172573 18.079382 19.658957 19.780684 19.122137 13.725588 14.952275 18.733990 23.095589 21.892963 21.971157 14.158806 21.197802 21.843622 17.540075 22.069780 19.385708 18.926350 21.515474 17.492039 19.102419 19.825041 21.312195 16.246340 16.958496 18.229366 15.425918 17.343483 17.550489 17.387693 17.534407 16.517635 19.081196 19.671112 18.750664 15.922937 17.404108 17.145458 16.127676 15.610844 16.005377 15.054646 15.307093 15.296679 14.857585 17.692974 16.981050 15.928832 16.695320 14.934423 16.204807 15.048520 14.734940 14.244960
17.204159 17.675779 17.268097 16.054718 16.790440 16.839073 17.037344 17.375525 17.866003 20.648664 18.223061 18.586744 17.008526 12.936922 19.014069 19.393654 22.476393 19.464682 23.539747 21.521412 18.332930 21.653088 22.009478 19.065065 21.175220 20.186188 20.361179 19.003798 16.393167 17.471106 19.292456 17.264830 16.865294 17.500309 17.687784 17.197767 18.083014 18.435877 19.204794 17.820864 16.520491 15.544311 16.324163 17.426159 16.061409 15.363291 15.016767 15.200936 16.096579 14.715811 16.332592 15.219531 17.897615 15.116754 16.756165 15.949648 17.391048 16.363356 16.872337 13.999676
17.208841 18.541405 17.093290 17.010622 17.239071 17.658194 17.162952 17.178354 18.144588 18.362873 19.078529 20.061926 15.461086 21.236319 12.179277 19.649570 19.263582 22.483021 19.316265 20.411966 20.251261 18.681047 17.063164 22.459402 20.160753 21.060375 15.927811 17.964220 16.122963 18.674709 19.560150 16.416580 17.474098 17.493528 18.314795 18.058422 18.094284 18.604994 18.086218 17.727570 19.372057 18.545931 19.928354 16.508652 16.358007 15.422115 15.111150 16.106276 15.280886 17.547461 15.944822 15.591027 17.529844 16.277222 16.974903 15.145315 15.878685 14.711089 14.764810 14.150758
16.126007 18.121227 16.057219 16.310884 16.662006 17.284548 16.326101 16.209291 16.410028 18.400299 20.920973 20.068642 21.570993 11.704474 13.471717 10.484985 10.339291 22.714287 18.783779 17.281012 16.864405 16.939646 17.652309 19.837328 18.666403 19.181957 18.646698 16.462502 18.693014 19.745802 19.362085 18.060068 18.515480 18.091116 18.985624 19.846260 20.352081 19.259390 19.063189 20.830671 15.700492 19.641603 18.966772 15.434487 17.330688 15.715473 16.196442 15.009854 15.305560 15.146938 20.130991 17.404442 16.787237 16.384315 17.017992 17.594784 17.683073 16.700651 15.381613 14.112311
16.270699 19.086550 15.060614 14.849187 15.416555 16.018978 16.089466 16.287682 16.798502 19.943316 18.738886 18.539053 18.182812 20.090065 18.708584 8.991246 8.965518 21.785118 18.700380 20.456703 19.186079 20.005226 21.985888 21.291080 21.366636 21.098269 19.420248 19.557369 16.885670 19.419514 20.676762 19.605881 15.586005 18.901529 17.684753 20.220387 21.557716 18.840471 18.731096 18.059441 19.648567 19.340149 18.416002 18.120016 16.798697 15.600776 15.812183 17.230881 15.279418 16.451033 15.231586 16.889771 16.049723 17.592350 15.459437 15.524732 15.112363 16.134029 16.416122 14.539071
17.619947 16.293871 16.382412 15.311177 16.705889 15.881909 17.135094 16.044941 17.198057 15.804951 18.344660 17.912804 19.309801 18.334236 21.380484 22.000917 22.088305 20.537058 17.664196 21.393789 21.580784 19.923927 21.778656 17.614958 18.815895 17.076023 17.631653 17.873766 16.030239 19.798878 19.437458 19.439852 16.381645 18.615953 18.545456 19.892481 20.178511 18.765518 18.541336 17.631050 18.114258 15.901975 15.643638 18.558973 16.373941 20.340168 14.899864 14.798882 14.764800 15.481914 16.576622 17.275454 17.452917 17.871162 18.442276 16.673054 15.621854 17.167542 14.604935 16.291271
17.478233 15.751191 16.567663 15.812411 15.617485 16.602499 15.782228 16.325821 18.159164 17.884695 16.211157 16.515350 17.555132 17.862989 18.074287 17.928387 17.707926 17.478863 18.832201 21.042999 16.568872 22.471518 17.356874 17.523540 17.673609 18.357042 16.569775 16.236834 18.242931 19.738344 19.264427 18.329405 18.955153 18.825041 18.725077 19.181343 19.627359 18.555124 17.575396 18.560518 16.755159 18.277615 18.134974 16.216011 16.263481 15.599148 15.159408 15.414207 15.144691 14.528032 15.782965 16.478912 16.027021 15.873712 15.978376 15.607341 16.667959 16.431589 14.524487 14.978813
18.971310 15.915796 16.750776 15.749438 15.768126 15.947883 17.417366 16.751329 17.001385 15.886629 18.047853 19.013201 20.080898 17.268257 18.470366 18.364565 18.045427 19.517216 17.791025 17.973112 20.304392 18.911301 16.868015 18.000553 17.868322 16.407761 18.545591 16.797050 16.924665 19.062275 20.179815 17.524004 18.372772 19.796404 18.850452 19.934582 18.900688 17.325268 16.985779 18.193497 16.256638 18.285143 16.492373 17.466261 17.416243 19.624779 15.129404 14.291876 15.508824 20.076000 19.618073 18.813242 19.695295 16.882586 17.658627 17.765066 18.946335 17.474964 16.955589 18.486444
16.515905 15.707213 17.755819 16.429560 16.662453 16.212378 15.522344 16.459805 15.879668 16.232538 16.176954 15.392455 17.870983 17.393450 18.292305 17.905262 18.901976 18.670778 17.631067 20.395187 18.034910 17.199455 16.661655 18.050034 15.103618 17.317646 16.936304 18.064270 17.286211 17.302896 18.498508 18.436563 16.009233 17.140900 17.625498 17.686275 16.831909 16.411795 17.623667 17.259108 21.655865 17.188147 19.212721 17.379662 18.491999 15.616900 15.301488 14.065347 18.896374 19.416985 15.718691 18.021418 17.521414 17.553947 17.979500 17.708010 17.739902 16.597044 15.973703 20.377253
17.902065 15.339002 16.365089 15.123632 15.399638 15.448191 15.324427 16.239779 15.461920 16.173334 17.406219 17.295965 18.597807 17.214016 17.375362 18.517611 18.669245 16.418375 19.333296 18.681952 17.441914 16.844845 16.524155 16.917549 14.920166 19.928089 17.236755 18.884844 18.462074 19.065983 19.206831 18.481815 17.214899 16.320030 15.793262 15.166165 15.500110 17.491007 16.985067 17.350925 15.722000 17.075014 19.200989 17.975658 17.918547 18.076283 17.508280 20.442112 18.632965 18.542429 16.109915 19.303370 18.941071 18.295591 19.005619 20.011116 19.365267 20.031483 17.698858 17.151598
16.089508 14.809950 14.779804 14.799300 15.138826 16.386990 17.926720 16.112772 15.550106 15.836704 16.671984 16.487352 16.537319 17.587681 17.329788 18.707994 16.355642 18.683842 17.806705 16.727486 16.743137 17.480520 17.145729 15.413431 20.720993 16.923555 18.482187 17.940683 19.488493 18.542578 19.222900 20.615931 18.883568 15.916892 16.710886 18.162291 18.726822 19.140087 18.535484 18.446575 19.758417 19.018589 17.954678 19.229858 19.378254 19.715910 18.143606 18.863268 15.787560 15.508371 15.294333 16.244387 17.292866 15.645473 18.170300 18.669334 20.244694 19.611202 19.428635 17.376900
17.370584 15.291553 15.017160 15.524221 15.059400 16.221376 16.246868 15.078610 14.918918 14.898962 16.120766 18.254581 16.389036 17.440954 16.750597 17.042078 19.255407 18.219337 18.116608 16.470423 16.677801 16.385983 16.181009 19.046087 19.489365 17.436834 16.566568 15.835795 19.265697 17.858505 17.718510 19.230419 19.093737 17.480335 17.206944 18.140888 18.744503 20.036945 19.329311 19.341036 19.097612 20.268578 20.955236 18.684822 19.093338 17.734772 16.646254 16.578720 14.478761 13.857031 14.804042 14.950084 18.147747 19.129045 18.914686 15.952244 16.965244 18.055790 17.374420 18.874443
14.616625 14.788702 15.098982 15.023299 15.669534 15.098584 15.128057 16.222717 16.337469 16.806799 17.028154 16.711664 16.116646 17.286850 16.390671 17.890331 16.932056 16.711140 16.374933 17.022717 17.608934 16.679600 16.774708 21.179325 16.939430 18.994682 17.059246 17.740326 17.002815 18.310909 19.257147 19.620110 19.315729 19.709248 18.655798 18.882252 19.238390 20.145109 17.795963 18.808313 18.703804 18.073149 18.257515 17.654755 18.045372 18.798250 18.279623 16.520796 15.189501 14.475869 15.510070 15.206900 17.221889 15.071790 16.204334 15.434195 18.527573 21.703220 19.055706 19.329336
16.143553 14.972482 15.223763 15.384593 15.354291 15.431070 17.751015 16.590139 17.519905 19.249659 15.153893 16.476027 16.399660 16.072649 16.968195 17.956671 18.383362 17.688240 16.547848 16.417719 16.725245 17.177488 16.157652 20.545162 17.135689 20.059187 15.043486 17.443254 18.358738 17.034166 19.009632 18.731001 18.285635 18.624901 17.662287 17.640463 18.330032 19.150043 19.812834 20.169777 17.851532 19.384384 17.716536 17.219608 17.147587 17.758097 18.617842 17.995842 16.847551 15.610549 16.298702 15.241862 16.564512 14.882332 15.651324 17.033569 18.638510 19.432035 18.603310 19.244175
15.361300 15.654510 16.857674 15.956425 16.834993 16.241175 16.744562 15.734058 16.601864 16.793346 18.004133 18.378321 16.850964 16.425245 17.718365 16.297422 16.866638 17.070150 16.467573 16.897541 16.401419 15.882069 21.578194 17.099249 16.643074 17.522202 15.975330 17.755581 17.070288 16.716625 16.594255 16.137838 18.194935 15.491443 15.456254 17.212452 16.969698 18.209631 18.934158 19.776152 18.207006 19.703686 19.850740 11.279940 21.919470 19.826761 18.115984 18.330698 17.424694 16.519331 15.894660 15.631441 16.159454 16.155773 15.632872 17.745409 17.949652 17.603495 18.131275 18.533861
15.321368 17.883587 19.320745 17.609200 16.623411 15.553015 16.189730 17.191668 15.983962 16.801216 17.444181 15.500298 16.207796 16.424471 15.826795 15.572236 16.523037 17.143652 16.851845 17.890476 16.645649 17.547398 21.629005 17.128523 17.192616 17.072838 16.339052 17.559900 15.693643 17.988344 15.858149 17.815466 17.541462 14.938231 15.914234 16.737442 16.821644 18.850853 17.991728 17.888769 18.719524 18.210428 18.477619 23.629438 19.456055 19.312950 17.641983 17.478683 16.991539 16.059916 17.411892 16.052881 15.682620 17.033180 17.973175 17.347736 17.194584 17.908064 17.944538 17.513445
16.087484 16.251919 16.487394 15.220055 15.939811 15.842478 15.977578 15.741218 16.617401 15.566257 15.985729 17.111153 16.889629 16.521755 15.214314 16.574024 16.052671 17.850782 16.887068 16.469498 15.693301 19.895096 17.932068 16.739573 20.205391 19.049767 17.432333 17.448009 17.951006 15.846436 16.830330 17.814127 16.827820 15.800527 17.310583 18.917631 18.668283 16.739252 16.050434 16.532820 17.117340 18.124266 20.222073 18.458981 17.042747 18.021568 19.034746 18.471596 16.747141 16.019670 15.710840 16.164175 18.002888 16.978451 16.086803 16.557001 17.070786 17.508892 17.001160 15.325482
16.000185 16.889389 14.624698 15.058962 15.276315 15.105372 17.538359 15.442212 16.174541 17.700304 17.377363 16.658667 15.582920 15.775550 15.440413 15.534278 15.960056 16.830940 17.080858 16.761265 15.679623 20.361116 17.038692 18.115604 17.722754 18.512911 18.698406 17.036724 15.984933 17.156776 16.232660 16.666067 16.412209 17.594723 18.516718 17.902958 17.648323 17.271713 16.915928 16.712677 17.633434 17.519678 19.184834 20.947741 20.065884 21.206326 18.751495 19.080568 17.899887 18.821590 17.726896 15.627922 17.925600 17.070843 16.834524 16.484833 18.391260 16.210794 16.664583 15.492271
15.723908 15.412802 15.640885 16.523504 16.738098 16.992233 17.065723 15.916814 16.509703 17.081848 16.930437 16.661600 14.809818 16.308386 15.862869 15.421328 16.766905 16.181141 17.694080 17.901104 16.134016 17.020821 17.195181 17.433578 18.098785 16.787973 16.756014 15.804905 16.755541 17.828550 18.001019 16.215622 17.188387 17.341803 18.054766 16.302614 16.289022 17.239290 16.185871 15.751574 16.989155 16.055399 17.416002 18.366606 17.062641 17.637285 17.101068 17.301678 17.257986 17.753893 19.040558 18.927021 17.455189 16.105471 16.809061 16.077431 15.703925 15.765064 15.636837 15.969688
15.905971 18.902637 16.805239 17.339127 16.687111 16.629953 15.458046 15.331397 16.455637 16.151728 16.547716 16.029144 14.812084 15.744699 15.429101 16.190321 15.789281 16.715343 16.573399 17.250282 19.071650 19.729498 15.990748 20.735678 16.690662 17.606905 16.623926 16.743244 15.448557 16.182707 16.905565 15.928006 16.864077 18.513283 16.736536 17.239229 16.342621 16.411949 14.355309 15.331931 16.218489 15.368907 16.868145 18.290926 17.441608 16.988085 16.505514 16.940390 17.642721 17.596535 17.049809 17.624096 19.793699 18.325251 16.764156 16.184824 16.380880 15.673503 15.893064 15.938269
15.859934 16.006294 14.898547 15.759261 15.941481 15.578629 15.122241 15.273097 16.389416 15.768899 16.953184 16.127405 16.159637 14.957740 17.245596 15.588366 16.101967 16.320879 17.007656 16.767057 18.745457 20.558922 16.339455 15.714229 15.518207 16.367096 18.083807 16.305056 17.029381 17.082172 17.311117 19.394375 17.931894 17.386885 17.270494 16.853432 16.383120 15.952773 14.705473 17.330292 18.407488 18.370407 20.444717 17.908001 17.675602 16.711899 19.232965 17.951582 16.442356 20.138094 18.168365 19.099997 16.350384 16.260952 17.066212 17.716677 16.420103 18.909668 16.946356 15.075057
15.419501 15.718691 16.236214 16.709587 15.624921 16.628422 16.246870 16.994781 15.359085 15.484158 15.908029 16.162840 15.737288 17.160343 15.892829 18.729935 16.880245 16.404613 17.773825 17.188486 16.610130 16.165159 15.065785 16.941771 16.481943 15.790362 17.131088 17.115595 16.173754 16.253704 17.321793 18.169189 17.219828 16.214994 16.604200 16.839027 16.252329 17.281349 20.805296 17.444458 15.777864 16.855551 19.773746 18.730103 17.527956 17.201561 18.891315 18.567480 21.147047 17.671747 17.358210 18.898230 16.221346 16.566788 16.605368 16.576895 17.927536 15.084975 15.664292 15.766203
16.760429 14.856449 17.410894 15.803935 17.257072 15.635106 15.896264 16.571289 16.428196 17.471239 17.418695 17.363029 16.328304 17.275124 16.317104 15.990912 16.954393 16.439650 18.220579 15.658877 20.264414 14.468394 17.056456 16.257027 16.726414 16.875881 15.875236 17.231251 16.491430 18.534447 17.107037 17.485254 16.529022 18.062511 18.414167 15.390490 15.561992 16.484947 16.076180 14.956266 15.174111 15.008524 15.223268 15.981191 15.519840 19.182770 22.084436 15.590528 21.250124 16.421522 15.708123 16.833418 16.013636 16.303556 17.749960 17.689907 17.099335 17.321714 19.748545 15.117616
