FlamMap_files/Wind/wind_dir_S1-2-5-6.asc
NCOLS 334
NROWS 300
XLLCORNER 372000.000000
YLLCORNER 5724000.000000
CELLSIZE 30.000000
NODATA_VALUE -9999.000000
[rows 225 to 249 of 300, columns 57 to 113 of 334]
233.043320 233.290176 236.048401 235.724747 234.831848 232.683197 231.564758 231.422134 233.741165 231.756302 230.964523 230.476517 228.615707 224.730484 228.832520 230.340378 225.445999 231.984406 230.437729 228.509720 225.754562 225.744873 226.779312 227.212509 228.260635 229.519943 227.976501 228.353668 227.830948 228.644119 228.835693 229.648773 230.832901 229.916306 230.972351 230.104385 230.117233 230.230270 230.446976 231.415604 231.002808 230.475815 232.105896 231.611893 231.605408 231.959579 232.602676 233.554474 235.070572 235.632767 236.921341 237.010803 237.979401 238.457596 239.040298 238.517731 238.299576
231.468338 231.798355 234.451065 233.438126 228.405670 224.936630 226.424896 228.425339 227.907349 228.310287 229.798981 228.503632 227.555206 226.623718 227.710510 230.230530 223.331863 223.578781 231.715759 224.613846 222.772659 224.493744 226.034683 225.711319 226.808121 226.808670 225.950607 226.734863 225.940109 226.377640 227.342026 227.431091 228.847672 227.981796 228.216766 227.773865 227.028564 227.603439 228.582260 229.380539 229.244400 230.141418 230.346634 230.624252 230.873215 231.438843 231.625748 232.506256 233.264755 234.088760 235.619034 236.231903 235.922256 235.986328 235.625732 235.527527 235.533646
232.204742 224.746918 235.019669 233.345749 231.384491 226.099442 226.226379 228.499115 228.543854 225.505722 226.799515 225.408066 226.754074 222.902603 226.231232 229.726059 222.026321 222.339905 226.653625 231.862427 222.977386 224.893875 225.968155 225.925247 226.343094 225.567368 225.226547 224.889771 225.274521 225.766510 226.276001 226.366028 226.815292 227.068192 227.321579 225.785690 231.970673 225.927551 227.576065 228.996811 229.032944 229.197342 230.408203 230.034821 230.920883 230.513687 230.767624 231.791550 233.191025 233.966110 234.508545 234.236237 234.967178 234.606079 234.058380 233.830338 233.594177
226.299316 230.830109 235.107376 233.815323 232.842041 231.820572 230.022308 229.473007 228.781723 227.939972 225.662659 225.119217 216.202835 225.927444 229.398727 230.467667 223.021622 224.018890 225.984695 231.193604 224.819122 226.003250 226.011047 225.443207 225.477798 224.982407 225.010849 224.853027 225.061935 225.329803 226.367264 226.118118 226.453049 226.103928 225.545456 225.380875 229.890976 230.292221 226.792114 227.454620 228.252838 228.361740 229.163437 229.259659 228.625763 229.535431 233.947281 234.580231 233.373322 233.397552 233.358292 233.361588 236.218414 234.247437 232.770966 232.487656 232.152267
217.295273 223.044861 234.773315 235.303650 231.098068 232.066376 232.751663 232.030991 229.412430 226.918152 226.334732 227.726212 224.463974 223.605698 229.149750 230.976944 224.897858 225.569565 226.095535 225.492172 233.248611 233.956619 226.458511 225.342117 225.361847 224.972733 225.212341 225.214539 225.409561 224.926910 225.833344 225.661484 226.066940 225.834732 226.243332 224.724701 223.640549 226.051788 224.183624 226.361877 226.956253 227.309052 228.543228 228.199783 228.751938 228.790588 229.629715 230.865967 232.332108 232.540924 231.606567 233.283722 236.273102 233.969818 230.626816 230.916580 230.193130
213.945480 230.670990 232.338760 232.677429 230.070953 229.977524 232.791504 233.255066 231.851471 230.701752 229.186768 227.710495 225.766403 226.247055 226.731705 230.118042 219.563614 226.889771 227.158127 226.016510 226.667038 232.887314 228.335159 226.274231 225.818481 225.436432 224.805008 224.163651 224.527374 224.747162 225.587616 225.302902 225.555786 225.554688 225.174606 224.396347 223.831360 222.992691 230.609894 224.347168 225.707458 226.752563 227.403824 227.390488 227.379868 228.152878 229.348206 230.376892 231.720200 231.631760 231.401825 233.001083 234.145630 233.447479 230.075516 231.057266 229.239960
217.205154 218.370773 229.939880 229.771591 229.132523 230.281876 229.734055 231.311951 229.829788 227.299149 226.867630 225.551941 224.871796 225.519974 230.215073 222.172668 227.969910 227.624969 228.260513 228.267227 227.876068 229.827560 234.925247 228.245728 225.721573 225.708344 224.961777 224.656052 224.597290 225.540070 224.804535 224.576096 224.915573 225.303726 225.067245 225.843887 224.693161 223.805923 223.878723 224.688354 225.947083 226.827011 227.763596 228.127365 227.461624 228.813766 229.750748 230.594910 231.605957 232.165710 233.474503 235.522446 233.433014 232.138214 234.472015 236.050217 229.415878
222.055298 222.861496 231.329926 231.072556 231.607376 230.303329 230.233078 230.771240 217.671021 212.281387 229.248154 224.223557 222.866119 228.251999 229.973190 224.818375 222.704254 227.978821 229.464767 230.422668 229.431412 229.900864 233.287506 227.438339 226.138412 227.345230 225.638733 225.800613 224.680054 225.298920 223.788330 223.987503 224.560623 225.219955 225.318375 225.297195 225.553604 224.833115 229.072006 232.215759 230.741196 227.440659 228.770935 229.121552 228.821899 229.289001 230.141968 230.767563 231.169327 231.478973 233.280396 234.125168 236.221863 235.500748 235.420502 234.502991 234.238876
221.864975 219.971481 234.423126 234.197876 233.644424 231.808838 232.553818 231.229385 215.490692 209.653290 228.268311 221.254944 225.150391 228.216415 228.158417 221.946274 223.012161 229.109558 231.125031 231.098633 230.760071 231.228012 231.223938 233.501175 228.317688 233.554214 231.033661 229.125443 224.991028 230.227386 224.324066 224.942932 225.253525 225.830490 226.460007 226.557968 226.615280 231.850082 231.735367 227.984528 229.366272 232.383987 230.103592 230.851364 230.515030 230.172607 230.845428 230.913971 230.388184 229.730530 234.642975 233.453735 233.433151 232.950333 234.193115 233.654312 234.542099
215.139740 220.189911 228.834030 231.370804 231.941025 230.518600 230.579758 228.852341 213.114990 208.360153 227.571960 222.527069 226.586777 228.815933 228.743637 221.003281 224.689346 230.082993 231.418442 231.905792 231.753906 231.396088 230.748398 227.377243 232.516678 233.423874 226.557999 226.210129 226.449844 230.218246 230.665375 230.868774 232.397964 231.862625 227.456558 228.021591 227.571716 230.970505 228.576797 231.718323 231.368484 231.379745 230.428772 230.598038 230.633179 230.743652 230.583405 230.721237 230.034286 229.748016 234.880814 233.280624 231.288757 231.661682 233.144211 233.841736 233.923035
219.887619 225.316269 230.180603 232.220078 230.542770 230.381638 231.021088 228.449783 211.135971 207.127701 228.095413 219.004089 227.507050 227.793976 222.690308 227.909073 226.116257 231.881271 233.077179 232.955658 231.829224 230.615036 229.709854 225.837357 227.632477 231.990829 227.583450 227.324402 227.802872 233.031570 227.473373 228.686523 231.863602 232.620575 226.729752 227.290482 227.100632 225.790146 225.708328 226.568024 227.804962 228.841614 230.086166 231.224182 231.408249 231.511017 230.881348 230.915100 230.683441 231.105423 232.535141 231.385651 234.657776 232.214142 231.844055 233.125671 231.665802
221.735077 227.735504 232.670837 233.228638 230.773758 229.975632 229.688599 227.918777 211.194519 206.713089 226.814331 227.362274 226.758820 225.144196 226.141190 229.476135 228.719147 234.471756 235.710526 234.538895 231.863861 229.807556 227.668396 224.950226 227.389267 233.804764 234.006683 231.777695 231.662979 232.877365 231.229431 228.087448 232.384674 231.770569 227.307831 227.280960 226.949753 226.550079 226.646637 226.467255 227.518112 228.284241 229.409103 230.688644 231.135056 230.955353 230.733368 230.948364 230.974182 230.877945 231.269150 231.001801 229.956573 233.039124 234.132660 231.523972 230.377655
225.907654 230.780838 233.647964 234.022629 232.177155 230.483871 228.922241 228.502914 213.403839 211.625153 229.487213 229.093872 223.139572 229.114685 222.476852 230.624802 234.147461 241.282898 241.736008 238.116241 234.149887 234.179352 234.653198 229.895721 226.176926 226.480087 231.829559 225.493698 231.934875 230.080688 226.559723 226.147766 232.673203 231.926758 227.279160 227.618698 227.258804 225.493134 225.192688 226.164520 227.333405 228.552551 228.729309 230.147903 230.388031 230.304428 230.424377 230.423691 230.519196 230.353073 230.263504 230.083771 229.435883 228.582108 229.189407 228.598877 233.200470
230.032455 233.532883 236.073013 236.299271 235.390488 234.974213 234.952011 233.939850 226.973785 221.967392 231.798203 231.395157 230.286209 228.710938 229.689697 232.327118 237.468292 245.626144 246.110596 240.535889 236.811356 235.788651 233.833588 230.692657 226.813797 226.321198 233.731094 231.660522 231.208145 232.629028 226.660995 226.722122 229.914124 233.122650 228.009827 227.617584 227.494415 226.491745 226.460754 226.183304 227.073257 228.164688 229.310074 229.809052 230.030334 229.951935 229.874954 230.245575 230.677216 230.516968 229.676773 229.852341 229.229584 228.333908 228.188232 227.475586 231.727173
234.655014 236.285217 239.529358 240.041702 237.103195 235.578674 236.484299 237.262955 233.225800 229.106583 229.586136 230.966949 232.251053 230.948273 232.093475 231.250763 238.848297 242.406998 242.179855 237.784561 236.948303 237.334641 235.408707 236.029907 235.273376 234.457993 234.246643 233.755554 234.354126 234.373886 227.421936 226.689453 228.961975 232.874756 228.291916 227.566605 227.840164 226.482346 226.260605 226.631195 227.500870 227.732513 229.444550 229.424911 229.887421 229.755432 229.629013 229.560471 229.721680 229.297958 229.419113 229.709549 229.812744 229.312820 227.896744 226.691299 227.289291
236.630585 237.798172 239.014664 238.841110 237.052216 232.296371 236.576492 236.857407 234.476334 230.579956 233.570358 233.332718 233.517776 232.316757 229.820679 232.492188 240.612335 242.691650 240.215012 236.958878 236.619675 237.279007 236.151535 237.403519 234.259537 232.307510 231.780960 234.152161 233.643768 235.028580 233.283646 233.503159 232.946777 233.319397 228.634308 228.454987 227.711960 227.327484 227.407089 227.647141 228.590881 228.335876 228.955353 229.241241 229.634644 229.309723 229.632309 228.882019 228.895676 228.481995 228.698486 228.612381 228.965561 227.881424 227.625946 226.792587 232.264023
235.943954 236.503754 237.382721 237.369263 235.256027 233.536377 235.934433 235.003418 234.618637 234.097549 234.707977 235.302261 235.165512 232.849609 232.548599 236.095245 243.351425 244.467133 239.565338 236.466415 236.016327 237.069946 237.932999 237.898056 236.102921 234.641953 235.460373 235.044250 236.060181 235.760101 233.035400 233.728058 234.501633 233.704910 231.114792 230.333038 231.637238 232.811737 231.890396 231.238785 229.463608 229.542419 229.100555 229.209854 229.326324 228.928970 228.601898 228.529480 228.336517 227.942459 228.195984 228.509048 228.252609 227.143021 226.579559 225.604019 232.070496
235.405960 237.003479 234.596115 236.640625 236.009659 236.727097 236.326370 237.115204 234.908691 234.314651 235.201431 235.845490 236.287170 235.357269 235.132156 239.923950 245.588699 244.556259 240.943787 235.993622 237.355026 238.206528 238.986481 237.536621 237.413788 235.140228 237.075912 236.393250 237.604309 237.493408 235.810074 236.673859 236.638550 234.420334 233.967896 233.064133 233.596146 233.086838 233.454758 230.985504 230.576691 230.496033 229.275192 229.407242 229.415833 229.064499 228.689148 228.091217 227.912888 228.377213 228.737091 228.488190 227.719421 226.791885 226.816330 226.646515 227.624664
235.240479 236.706711 236.393997 235.858337 236.475647 237.170822 237.704285 237.600189 235.906540 236.023315 236.882202 237.545486 236.630203 236.574112 238.812698 242.062485 245.331238 244.739777 242.254089 240.540192 239.407349 238.751740 238.918167 238.013718 238.839417 237.830597 237.058929 236.699219 237.949951 237.743881 237.272766 238.251266 236.795853 237.906799 237.793396 237.020248 233.991257 234.471176 231.623871 234.159271 233.713043 231.907196 230.845261 230.473633 230.600983 230.208267 229.520889 228.660797 228.867157 229.081390 229.012955 228.184525 227.447739 226.678421 231.063461 231.418549 228.652344
237.261566 238.550613 236.625183 235.791656 236.263870 235.588943 237.149582 236.961319 237.149307 235.925598 237.483734 238.039505 237.413132 238.213974 240.524399 242.878189 243.709305 243.821487 242.255005 241.378082 239.744308 236.791077 238.996796 238.657486 239.239685 239.050446 238.595016 238.366135 238.958694 238.481522 238.205002 238.753250 238.750641 238.251541 238.706345 238.578339 237.608551 235.021942 236.521805 234.352371 236.246597 234.942505 233.307892 231.629791 232.271622 231.842163 230.423111 230.130630 230.901566 230.449951 229.946167 228.720886 227.812225 227.316055 233.339813 232.060898 229.054291
236.824783 238.195480 237.287155 236.437881 236.975128 236.246826 237.676361 237.398987 237.520340 236.989502 238.619293 239.058105 237.998581 239.611252 241.190002 242.642776 245.008667 242.876160 242.328217 241.840744 239.369965 239.340759 238.779861 238.746826 239.671158 239.482697 239.069092 238.638672 239.736084 240.722702 240.452118 240.560074 240.016724 240.611237 240.794296 240.771896 239.407349 238.149323 238.579224 239.343735 239.548782 239.314926 237.877457 234.588486 235.345505 235.524780 235.372452 233.221573 235.147522 236.199249 234.045090 231.417206 231.323303 234.489532 234.757599 234.358261 235.205643
237.635422 237.821884 237.524841 236.350876 237.712509 237.738327 238.169724 238.235123 237.243103 238.414948 239.412766 239.772186 239.485825 240.241959 241.584137 242.142563 243.341339 241.475464 241.949539 241.723770 240.069519 240.428314 240.020020 239.324112 240.463852 239.982590 239.508194 240.101151 241.314331 241.764023 241.755508 241.785507 241.496872 240.555435 240.501678 241.619553 241.394409 240.509094 240.871246 242.128845 242.182159 241.116074 240.051910 237.901733 239.904373 238.952347 237.154938 236.202072 237.425644 238.941895 238.830856 236.768829 236.956848 236.646576 236.487183 234.778671 236.971069
238.075409 238.716476 237.557907 237.101227 236.684311 238.244736 238.398376 238.042297 238.622467 239.001724 239.708481 240.383163 240.961929 241.774796 242.773544 243.087448 243.254150 243.489929 243.901581 242.228439 241.271820 241.148956 240.705826 240.376587 241.055191 240.743011 240.506195 241.496246 241.859451 242.122971 242.527420 244.814331 243.922348 242.182587 242.576172 244.122116 245.793442 243.508530 243.961807 244.770981 246.783325 243.514114 242.510178 241.001373 241.455231 242.344849 238.992722 236.370834 239.084229 239.565262 238.820831 238.154678 238.023163 238.577545 238.465790 238.454514 239.093796
239.074020 239.250168 238.105026 236.131653 237.235382 238.073318 238.019333 238.656036 239.015488 239.277740 241.284500 240.639404 241.215393 242.154694 242.874222 245.370163 243.630920 243.516617 242.958679 242.065079 241.311218 241.642731 241.822601 240.868469 241.015884 240.808426 241.689682 241.685577 241.860214 241.308426 242.747986 245.357635 246.980774 243.644119 243.499817 245.126358 246.401169 244.668747 244.508789 245.620956 245.807816 245.636688 244.744629 243.710068 244.478958 243.565292 241.710770 240.718201 241.169617 241.703476 239.895279 238.778671 239.051285 240.066162 239.876846 239.516724 238.804428
239.447372 239.585251 238.744659 237.713882 237.928833 238.017700 238.708008 238.521942 239.002502 239.495865 240.427826 240.472824 240.980515 241.894577 243.167755 243.499390 244.008789 243.062607 240.425018 241.588684 241.346268 241.484924 241.438217 241.149551 241.148911 241.020584 242.027847 242.599258 242.080658 241.048050 241.836990 244.466537 243.887909 242.567429 243.199554 244.244598 245.964005 244.855835 244.752167 246.141602 249.137894 247.622253 245.656616 245.324829 246.149170 248.504196 245.514404 243.230011 243.523026 244.113281 242.641144 241.460464 240.108719 241.078125 242.016083 242.100113 241.219284
