FlamMap_files/Wind/wind_speed_S1-2-5-6.asc
NCOLS 334
NROWS 300
XLLCORNER 372000.000000
YLLCORNER 5724000.000000
CELLSIZE 30.000000
NODATA_VALUE -9999.000000
[rows 26 to 51 of 300, columns 240 to 299 of 334]
13.646391 12.439033 12.254918 12.528630 11.992905 10.823348 11.962516 10.728478 11.331985 11.002941 11.365223 11.275256 11.303857 11.212515 9.667513 2.142052 7.925645 10.978530 14.545821 9.064746 10.021475 9.910460 11.215461 11.475263 11.653994 11.946072 12.720457 16.123709 13.905964 16.866180 17.637262 19.580051 20.262640 15.419241 17.900805 20.825899 18.047909 20.725088 17.398132 19.118704 21.120424 20.982920 22.590700 12.136930 12.018250 25.661043 22.131998 22.938530 13.974562 25.206717 24.021397 20.998772 22.957649 22.218433 20.718069 14.753104 16.989321 17.993464 17.423254 11.486892
12.564276 12.765954 12.593187 12.051971 12.047784 12.291997 11.472272 11.569568 11.529388 11.832072 11.533247 11.476076 12.314781 12.229661 15.286240 7.570588 4.712027 15.290277 9.501768 9.986935 9.742692 14.187529 12.623244 11.448149 11.611732 12.260809 13.510052 16.046400 17.672863 6.910955 7.760218 7.593834 7.667396 8.856149 9.223633 8.938118 8.906122 16.355089 19.965023 18.185156 22.199097 22.388550 22.239895 21.583773 13.386394 13.091660 13.819165 13.182750 12.581837 23.227837 20.067354 20.056219 20.610081 21.611666 19.116947 13.586192 15.512827 10.672658 20.349390 11.302745
12.010063 12.093251 12.795473 13.473964 13.290179 11.191913 12.939249 11.901136 13.052590 11.498001 12.422621 12.932969 14.033388 12.358620 9.306913 5.039024 4.805010 12.885475 13.884912 15.285302 12.463819 12.691456 12.542025 11.557367 11.707667 12.696861 15.407474 5.830982 7.353940 14.720208 17.307827 13.271845 11.885590 12.217040 11.344316 8.646314 8.655392 8.850899 8.651233 10.518161 20.341446 17.160080 21.737852 12.259824 12.688789 13.224813 13.718271 13.521971 13.003800 12.540821 21.900463 17.155142 24.946119 25.429922 20.954067 20.733486 15.127997 11.186338 11.586864 11.488329
12.242443 14.645967 14.686152 14.185743 13.406767 14.020240 13.680891 12.693263 13.211463 14.784233 16.742256 11.491794 5.492685 16.271288 15.391940 3.879813 3.397582 11.816082 11.010224 11.116637 14.350444 9.954473 10.099975 12.525063 11.513545 17.325272 13.644767 17.724491 17.534622 7.260557 8.515678 8.068680 9.373249 17.051401 20.498857 11.223521 20.294918 16.800108 14.913725 9.571628 8.394826 10.044928 12.310045 11.920307 12.593144 13.371092 13.739751 13.755653 13.612819 13.247164 12.555112 12.087178 12.243364 12.530518 11.917699 15.411783 12.501462 11.985902 23.163984 24.270077
16.559761 9.562879 15.966087 13.344648 13.712191 14.469887 16.892868 18.232370 9.586042 10.984625 5.011634 4.604475 4.379005 4.304270 6.830688 5.850355 12.439260 14.341699 11.182435 10.367010 12.935903 11.304775 14.559449 7.204504 5.501751 11.540998 15.786955 9.887373 6.488194 7.513439 7.455641 8.024725 8.625172 8.546370 7.927938 19.402975 16.196562 13.371487 10.942501 8.684510 9.020066 9.590571 10.244858 11.444536 12.227652 13.136322 13.630333 13.815377 13.941719 13.940579 13.457174 12.920859 12.601380 12.383974 11.551575 21.752176 11.237862 18.832851 25.079969 11.872136
14.876214 4.127038 11.487705 12.916509 19.472122 5.513138 5.767894 5.757014 5.381407 5.443694 5.306899 6.044928 7.437304 4.430854 4.326960 3.633794 2.926978 15.247731 15.757436 13.656989 7.520184 7.770885 9.687887 3.734705 8.455352 14.980365 12.563383 6.236847 5.741635 6.985358 7.380983 18.041822 18.824459 18.093254 14.031547 8.387807 8.943957 20.616598 12.918729 15.707494 8.837672 9.707724 9.824510 15.128669 12.043948 12.826859 13.361488 13.590276 13.860377 14.345474 13.898591 13.516123 13.027104 12.667660 11.625016 21.874294 10.929901 12.696516 13.000992 12.328949
15.100744 5.603341 13.229001 13.001612 18.622795 6.002676 6.130830 6.222693 5.919034 5.779338 5.607201 8.029054 7.634740 7.738113 5.921707 4.443216 3.980328 16.298182 8.640451 5.584723 7.375702 7.716835 8.246043 3.908515 11.118955 16.352365 14.889859 6.912653 5.770794 6.134037 19.241344 15.158545 20.991693 8.886634 9.024489 8.766721 8.820930 9.889216 19.703041 14.226954 15.771500 8.785532 9.766687 14.413179 15.688227 12.579679 13.122416 13.268343 13.693462 14.288910 14.291419 14.019620 13.612455 12.823216 11.817324 23.613279 11.058264 12.578520 12.926759 12.953298
17.923000 6.666654 5.710066 6.739649 7.267600 6.601542 6.591832 6.516242 6.493730 6.324268 6.123921 6.944236 6.647659 6.324102 6.213247 7.777970 7.675810 4.553627 4.794446 7.382653 7.564588 8.038496 8.305261 8.281149 8.915865 10.978421 14.605506 14.700491 18.070219 11.594873 6.406342 7.316341 7.705073 8.671034 9.028386 9.099202 8.786577 16.055418 18.297827 18.347179 19.887590 12.063527 11.844003 9.996673 13.408808 12.067340 12.724652 12.893930 12.992468 13.814548 14.086803 14.024945 13.769914 13.436073 12.142096 20.544477 11.187823 12.649250 12.756972 12.891799
14.239292 6.848270 6.436160 6.818484 7.086669 7.118460 7.253723 7.164793 7.050856 6.841431 6.585320 6.313995 6.230040 7.040873 8.540897 8.493867 8.527221 5.316370 7.315233 7.928916 8.042527 8.369519 8.654341 8.555353 7.786355 12.464373 16.122173 13.499155 7.174803 6.978045 6.203136 6.141059 7.114629 8.372515 8.925296 9.276395 9.051901 18.505732 9.837442 9.030072 12.279773 11.766247 12.148867 9.280732 10.141469 12.738983 12.387207 12.704400 12.719262 13.197114 13.836770 13.928043 13.675570 13.364591 12.400988 23.349918 11.426769 12.355970 12.796486 13.045629
8.251212 15.539268 9.845473 6.841607 6.861225 6.928903 7.130630 7.354171 7.364588 7.216022 6.963352 6.688824 6.446472 6.223768 6.118758 6.177460 6.266433 5.852518 5.953087 8.310955 8.326477 12.929705 16.928495 17.445602 5.271532 11.444251 4.914832 13.106187 17.821964 14.581896 16.463387 5.296847 6.160102 7.712550 8.399977 8.983369 9.509685 9.859822 9.968206 9.657083 9.151237 14.925305 18.398714 13.824578 9.303495 18.151508 12.047022 12.609430 12.481995 12.906489 13.537513 13.642553 13.570727 13.250198 12.817293 25.024052 23.080946 12.101944 12.618870 13.094851
20.084616 16.709686 17.973656 20.258642 19.828341 19.397821 14.359956 7.509618 8.729349 7.461803 7.317701 7.052388 6.756138 6.445086 6.422196 6.838841 7.448885 8.431802 5.679107 8.776389 17.357864 15.412262 16.352764 9.724512 6.774750 6.547564 11.536503 12.304261 18.165689 13.447215 13.177450 15.834756 6.538878 17.773901 7.419220 12.754309 9.721596 10.312713 10.448113 10.039888 9.798819 8.790375 8.829088 12.913564 8.355383 18.705757 11.807694 12.404216 12.566861 12.818381 13.347384 13.687665 13.690606 13.226182 12.442001 25.032949 25.058224 17.908049 15.249108 12.811782
8.104666 12.270494 8.217339 8.028748 7.678561 10.464009 7.594120 7.649969 7.608986 7.708295 7.673036 10.350572 7.242542 17.810600 18.621002 18.083473 16.997005 14.582549 18.214687 13.594204 9.266539 9.586402 9.872218 10.288007 7.826978 6.837068 5.675781 8.841631 14.017068 17.539831 19.785341 16.294800 16.436272 14.131951 9.169335 12.748308 18.063463 10.553761 10.756124 10.404731 10.083668 9.840413 8.529764 17.473740 12.832599 15.223092 11.472404 11.994400 12.260469 12.539946 13.019519 13.396567 13.557400 13.143017 19.418512 12.023685 12.593587 12.379995 12.111831 12.116828
8.773262 12.609454 8.368670 8.572235 8.396290 9.098480 9.077102 8.245782 8.029077 7.872236 7.972720 7.987396 7.749614 7.371630 6.793161 10.801982 9.963666 8.379091 8.222689 11.044907 9.978693 9.903538 10.038239 10.780244 7.180110 7.580093 6.969327 6.233749 5.947228 6.299218 7.698891 9.083488 15.083157 16.763592 15.998700 13.202030 10.661550 10.005866 10.869346 10.748390 10.438119 10.449682 9.349544 8.856977 13.892923 18.461288 10.617784 11.861221 12.072892 12.409839 12.818213 13.122769 13.599966 13.519103 19.668711 13.215925 12.625194 12.937051 12.470899 12.085387
9.850215 10.458463 9.384269 9.098367 8.942565 8.631236 8.676163 8.505385 8.301917 12.355722 7.894409 8.169236 8.253026 8.138476 7.764488 7.237491 7.231219 7.865851 8.240092 11.954373 9.627386 10.644369 10.379110 11.056349 7.433157 7.832121 7.572008 7.242629 7.059104 6.942976 6.634509 6.365177 5.895810 8.641151 12.852554 8.672460 9.717870 9.370070 10.695178 10.634493 10.576983 10.689657 9.992473 8.799276 13.046956 13.207468 9.464650 12.336370 11.926968 12.223388 12.585601 12.703828 13.220564 13.542958 12.748306 12.328881 12.947764 14.583526 13.049953 12.356138
10.299169 12.606324 10.013227 9.904606 9.552240 9.182474 9.172323 9.324656 8.817564 8.115512 11.930971 10.747407 10.887407 10.978474 8.240294 7.857160 7.914895 8.194154 8.463718 8.564680 8.011618 7.243538 7.915799 8.308509 7.633734 8.010942 7.920650 7.674364 7.705084 7.444470 7.099602 6.564661 18.087637 6.045078 6.026777 6.046100 13.975520 8.995853 10.313521 10.633159 10.725866 10.954961 10.512509 9.256493 8.842906 17.674694 8.841538 14.735813 15.612652 11.945230 12.462711 12.593025 12.938946 13.314790 13.844754 12.372021 13.042516 13.836659 13.466310 12.949963
10.538112 12.599593 9.973988 10.202435 9.757149 9.748737 9.903026 9.912907 9.606727 9.875546 12.176619 11.927267 11.984840 13.365247 13.463588 13.254225 13.482091 20.254009 11.002769 8.473720 8.516489 8.005605 7.586042 7.542840 7.853422 8.116533 8.058336 10.757164 8.177905 7.940092 7.555307 6.839664 15.607690 6.375001 6.224852 14.798491 8.514911 8.931374 9.631481 10.439125 10.628095 10.931878 10.672782 9.922850 8.354494 10.309061 12.808771 10.008208 10.575821 11.296342 24.868420 12.162800 12.471237 18.636597 16.839634 13.366149 12.682533 13.453409 14.217178 13.600039
10.567572 12.674655 9.961706 10.293133 9.970224 9.994358 10.459527 10.605701 10.486335 9.670275 12.928618 12.355384 12.203441 13.459051 13.195434 12.796030 12.830093 19.531710 10.759814 8.302683 8.556411 8.350341 8.152226 8.194869 8.351572 8.401036 8.348298 8.142297 8.103189 8.200845 7.964620 7.303297 16.753242 6.092673 14.535155 17.915070 14.948750 8.854366 9.448295 10.255605 10.561703 10.929349 10.816127 10.448116 9.142373 13.654475 19.696426 9.559493 10.300246 11.050097 11.641056 16.475122 15.283278 12.917375 12.397703 12.138266 12.476901 12.910493 13.868115 14.347713
10.669695 12.817512 9.910538 10.144095 9.990929 9.962875 10.555049 11.212634 11.294849 10.757154 12.265119 13.082767 12.727491 13.899712 13.552254 12.986095 12.539668 11.407002 8.857780 8.036901 8.126806 8.122066 8.327352 8.623467 8.787230 8.756271 8.655335 8.591293 8.228322 8.168922 8.076217 7.526108 6.731017 8.839927 17.122471 9.691052 8.299076 8.948128 9.322948 10.129489 10.511195 10.953065 10.924187 10.863932 9.988124 14.411300 13.734865 21.051168 15.684276 12.021969 11.492439 11.591019 11.785199 12.591435 12.480949 13.510009 23.732101 19.673199 20.447157 14.085116
11.039013 13.217667 10.003714 10.106527 11.189982 17.657066 12.856172 10.918915 11.223604 11.189561 14.543640 13.823356 13.380000 18.002752 15.462646 13.642117 13.001044 11.354908 10.542184 11.374619 8.266839 7.918554 8.127156 8.671416 9.071836 9.245709 8.883135 8.994172 8.686062 8.314521 8.065857 7.952072 7.152629 11.807129 16.111303 12.706573 8.426580 9.133107 9.239469 9.891156 10.577480 11.223173 11.162457 11.273502 10.847845 9.721632 14.724755 11.589381 16.541561 17.513180 12.317375 14.215085 16.978397 18.487597 13.335602 12.350527 15.129611 15.496214 15.949144 13.890045
11.506126 22.204601 21.076897 17.591139 13.706120 17.325731 16.316669 17.093473 14.877043 13.823327 15.063980 15.816524 21.819275 11.849544 8.517630 7.924723 7.592539 19.409014 20.037222 14.707678 16.736677 12.338537 9.295636 8.543493 8.780458 9.236023 9.125550 9.125690 8.928180 8.624120 8.159949 8.050160 7.294346 14.599406 6.148774 14.209680 8.355821 9.057530 9.036521 9.406928 10.003094 11.075480 11.349484 11.614079 11.405169 10.828831 9.985756 10.583795 10.878188 10.428517 12.369113 11.628275 11.412725 16.986147 12.382290 13.058220 25.105501 23.694241 23.179802 13.421309
15.650659 23.235123 22.430925 15.355307 14.694006 18.815472 18.834143 13.687252 13.096737 13.759252 15.107156 14.872993 14.520584 9.671947 9.159389 8.394116 8.603388 12.726108 7.406374 8.183285 8.981652 8.188180 10.770090 19.712084 13.032995 18.298941 20.209175 9.190369 9.041885 8.798727 8.529282 8.218208 7.610682 18.984749 7.733554 15.840347 8.446005 8.891490 9.187201 9.319117 9.637953 10.777117 11.158710 11.654374 11.641087 11.422287 11.068509 21.839867 10.724459 11.169986 11.734495 12.224607 12.356990 13.009713 21.769800 11.339503 11.771621 22.188652 24.789820 16.234987
19.380539 15.658016 12.240483 14.603714 19.760752 18.104435 16.546396 12.830034 21.775698 16.255007 13.824322 11.077312 11.994961 10.534155 10.148320 13.602129 12.436892 8.239920 12.932929 8.213341 8.801259 8.819131 8.435303 8.818149 8.759016 8.771821 9.141353 9.187696 9.112009 8.872727 8.565155 8.245591 7.545248 8.018621 7.980863 8.087457 8.862596 8.930449 9.070824 9.148199 9.457687 10.399715 11.184256 11.181915 11.319822 11.629120 11.446572 11.259616 11.286429 11.530538 12.006499 12.541331 12.912264 12.719904 12.124432 12.766312 17.420364 13.629844 13.079176 13.255723
13.146696 14.652659 14.259427 18.020533 11.544825 13.904856 13.138126 20.742279 20.945696 15.614840 13.936562 11.388854 11.390330 12.397346 11.003914 10.263712 11.958737 8.075618 8.511517 7.869437 9.189159 9.178533 9.200913 9.154912 9.096587 9.141273 9.072690 9.483283 9.138729 8.827674 8.455944 8.415476 8.514241 10.958201 12.716306 8.267842 8.681184 8.762459 8.732960 8.906314 9.389222 10.008643 10.912374 11.027641 11.052047 11.352700 11.684354 11.860624 11.794785 12.054183 12.555669 13.124211 13.297591 13.106208 12.954474 12.539678 12.028431 15.270139 13.267111 13.756398
14.124644 12.746646 13.379740 12.720723 12.578000 10.460922 10.812782 11.920037 14.774137 17.620573 12.044869 11.652508 11.784936 12.552686 11.228262 11.044902 10.233440 9.127468 12.402866 12.011443 8.829093 9.570708 9.728326 9.485518 9.367046 9.558332 9.210568 9.540406 9.358360 8.952538 8.584122 8.398046 11.596185 18.797703 19.821470 8.350612 8.590417 8.590850 8.511622 8.452477 18.273785 9.865708 10.575617 10.665161 10.551441 10.640553 11.033913 11.403120 11.646579 11.783453 12.166211 12.997667 13.310744 13.190928 12.947279 12.417845 21.615700 12.806642 14.978702 14.513070
13.424106 13.435847 12.936668 13.468941 11.909858 14.093611 13.271927 15.296388 19.493193 9.930833 14.892058 11.538072 13.103530 11.836459 11.416716 11.232112 11.138648 10.117509 8.909112 8.084780 15.494388 9.442613 10.101823 9.781097 9.600327 9.827005 9.544073 9.755216 9.672330 9.273095 8.700268 8.447017 8.468973 19.317492 19.806797 8.391021 8.485209 8.499924 8.271293 10.640769 16.507879 9.633463 10.342999 10.463910 10.484349 14.732448 20.855026 22.196980 23.760784 17.289312 22.853975 12.518759 13.158524 13.360661 13.172168 12.825193 17.975063 12.590503 13.272334 14.223022
13.542918 13.470245 13.035391 12.837036 12.428822 11.896904 13.671980 15.831662 15.533054 12.856017 17.543032 10.934129 11.573491 11.696788 11.707305 11.287295 11.139191 12.286838 9.786695 14.404056 14.198112 9.566025 10.019090 9.952641 9.814096 10.044987 9.660899 9.751767 9.927908 9.564473 8.841002 9.185958 18.424789 16.405462 16.807459 7.974814 8.486954 8.449459 7.993001 17.844074 10.632106 9.109297 9.890470 10.412012 10.353369 10.535580 11.606203 11.155663 11.507544 11.516245 11.486121 13.366702 12.788225 13.235632 13.089342 13.702211 25.020761 12.440330 13.042946 13.702526
