FlamMap_files/Wind/wind_speed_S3-4-7-8.asc
NCOLS 334
NROWS 300
XLLCORNER 372000.000000
YLLCORNER 5724000.000000
CELLSIZE 30.000000
NODATA_VALUE -9999.000000
[rows 56 to 83 of 300, columns 126 to 188 of 334]
4.064095 2.222209 1.669441 1.471280 1.800945 4.046036 3.819090 3.050130 3.697588 3.202788 3.305147 3.173912 2.890516 3.654411 4.143439 4.203966 4.190839 3.134679 2.877260 0.885140 3.496578 3.388339 4.208401 2.956075 3.963028 3.921760 3.482937 3.916669 4.611420 3.673213 3.856672 2.114092 2.563297 2.484066 2.616776 2.675635 2.960634 2.930183 2.716835 2.767148 3.191272 2.970829 2.775003 2.949424 2.971955 3.103028 2.874769 3.175568 2.638081 2.589891 2.161373 3.269169 3.941770 3.577469 2.667642 3.413580 3.745014 2.487510 3.688468 2.137133 1.871514 2.536458 3.514385
1.629594 1.637269 1.624600 1.419694 1.362053 3.435810 4.006861 3.355448 3.369994 3.612044 3.269498 3.171053 3.149560 3.709502 4.141920 3.352651 3.039192 3.026489 3.406722 4.311548 2.597111 3.096057 3.300997 3.250110 3.808824 3.377584 4.318126 4.310274 4.499444 5.407697 2.251596 2.257408 2.427980 2.578231 2.933575 3.225812 2.732716 3.256566 3.023810 3.283022 2.795924 3.288391 2.873366 3.002477 3.088150 3.494245 2.939087 2.933403 2.693755 2.478612 2.271359 2.992583 3.763565 3.012703 2.596960 1.874628 1.967534 3.477520 1.716932 2.489284 2.349349 3.403355 3.200578
1.589367 1.655108 1.580876 1.318696 1.527502 3.107240 3.742245 3.479194 3.099081 3.356425 3.149634 3.251007 3.200691 3.428042 3.451876 2.864067 2.855131 2.980879 3.425059 3.675834 2.958005 2.952433 4.078286 4.410647 4.017344 3.648888 3.996101 4.131815 4.619171 2.262084 2.090307 2.269732 2.426500 2.636732 2.692266 3.006508 2.719454 2.783061 2.841714 3.309342 2.848341 3.105056 3.118307 3.107805 3.293919 3.234077 2.955698 2.935357 2.906206 2.536926 2.374861 2.816596 3.281470 2.422134 2.276233 2.763408 2.731622 3.227427 2.365928 2.767127 3.155047 2.975367 2.304536
1.410137 1.583588 1.569151 2.943182 2.516157 2.953222 3.414140 3.173121 3.285751 3.426615 3.125297 3.250155 3.658772 3.610034 3.329289 3.226971 3.898803 2.776634 3.467957 3.435666 3.084080 4.379795 3.493904 2.989680 4.337768 4.601263 4.956925 2.117266 2.032556 1.917617 2.232718 2.264567 2.445965 2.637284 2.956964 2.726002 2.841027 3.343427 2.846966 2.838850 2.898677 3.002530 3.033612 3.146899 3.190048 2.956681 3.257142 2.940588 2.910386 2.557868 2.435121 1.945991 2.591830 3.010494 3.756500 3.657820 2.684021 2.963629 1.822772 2.951070 1.472077 1.653443 2.931629
1.400370 2.648545 2.226895 1.322667 1.265936 3.216665 3.295523 3.503088 3.438902 4.104588 3.320143 4.170385 3.518519 3.322616 3.186716 3.056428 2.879676 3.404181 3.720340 3.752449 4.189380 3.107942 3.710295 2.867116 1.320101 1.255831 1.337267 1.741409 1.989596 2.081454 2.312639 2.318669 2.465487 2.633157 2.728781 2.883968 2.899277 3.370108 2.875753 2.949537 3.580873 3.184892 3.011309 3.450024 3.193659 3.234275 2.870106 2.972449 2.905090 2.561548 2.480173 2.025307 2.154777 3.637629 2.301851 2.190496 2.949407 2.672469 1.787035 1.093973 2.717711 3.547688 3.530669
1.292456 1.615510 1.577027 1.397726 1.285605 3.674445 2.771566 3.357553 3.533155 3.725596 4.737690 4.640065 3.756626 4.179561 4.220235 3.976831 3.929811 3.495681 3.489483 2.981445 3.305434 2.462358 1.411319 1.153034 1.241786 2.355829 3.525005 1.785434 2.034259 2.063203 2.356067 2.904000 4.428115 2.765255 2.745673 2.870811 2.823082 2.896587 3.009576 3.180186 3.209893 3.004567 3.215623 3.469222 3.371803 3.234478 2.940614 3.022099 2.900933 2.586905 2.391618 2.315509 4.316451 2.207372 3.773535 2.864740 3.221586 2.624740 2.583938 2.636637 3.112941 2.087458 2.010150
1.209149 1.385110 1.572534 1.429591 1.375443 3.307394 2.952277 3.109978 3.591077 3.498718 3.673834 4.447176 3.830841 3.362221 3.972064 3.368095 3.112023 3.262381 3.480608 3.360798 3.903394 1.788618 1.494231 1.690595 1.793833 2.451394 2.981720 1.800028 1.993789 1.849562 5.075070 4.939377 2.589505 2.478617 2.708121 2.839712 3.172245 2.986987 2.937880 3.289426 3.270325 3.054160 3.239008 3.382571 3.077373 3.274922 2.986588 3.069598 2.911832 3.041394 2.552070 2.127433 3.301668 2.590515 3.815640 2.891753 3.520027 2.701111 1.958000 2.816759 2.034198 3.492839 3.470945
4.729939 1.155196 1.390643 1.350412 1.145448 3.502211 3.068969 3.151005 2.940589 3.719162 3.746038 3.694088 4.728468 5.161922 3.760837 4.244102 3.575589 3.204419 3.348231 3.586428 1.856625 1.798540 1.919168 1.837503 1.629450 4.306737 3.985688 4.154511 3.384877 1.638181 2.660398 2.295651 2.443468 2.544666 3.064095 2.961377 2.974280 3.199906 3.241538 3.116907 3.136935 3.089840 3.456124 3.434934 3.385585 3.304235 3.015638 3.119551 2.926425 2.914416 2.438962 2.447240 2.702950 3.912184 3.460528 3.446019 3.391402 3.457312 3.655718 2.534742 0.955155 2.280708 2.222392
3.713587 1.205292 1.229658 1.332093 1.267080 3.669776 2.877730 3.213980 3.079450 3.412982 3.250463 3.692106 3.651309 4.500084 3.713055 3.355417 3.466546 3.054851 3.929547 1.684269 1.074064 1.638199 2.096791 1.938559 1.928735 4.079292 3.360500 3.845390 4.225840 3.206778 5.059896 2.250065 2.476692 2.627447 2.866439 2.998257 2.991370 3.068338 3.299689 3.125663 3.132386 3.365051 3.312300 3.351734 3.159498 3.312284 3.055984 2.968611 2.961807 2.979800 2.394219 2.415604 1.790154 4.187879 3.153079 3.927787 3.709217 3.712957 3.411928 3.359631 1.949603 2.306751 3.432584
4.743742 4.377461 1.119679 1.165815 1.038455 4.083308 2.751040 2.687681 2.966446 3.087338 3.382185 3.533707 4.140400 4.483622 3.930440 3.364382 3.252447 4.022982 3.405676 4.461401 1.000048 3.135291 1.678047 4.249508 3.978496 3.255804 3.265168 3.551734 4.409592 4.995552 1.893225 2.246926 2.450916 2.637773 2.763318 2.951041 3.198713 3.228288 3.056347 3.318043 3.160444 3.206821 3.184859 3.635710 3.161602 3.313520 3.240486 2.970279 2.937132 2.896272 2.819366 2.251005 2.459902 3.664485 4.153782 3.958637 3.530286 3.546483 4.008904 3.267454 3.535123 2.902656 3.336656
4.750106 3.656353 1.304458 1.107726 1.027632 3.371221 3.283004 2.785520 2.659674 3.048839 3.446951 3.274643 4.189010 3.947205 3.766289 3.652206 3.826508 3.858786 4.131016 3.142203 4.357103 1.215176 4.456380 4.373822 4.033210 3.152981 3.177821 3.781104 3.705616 3.934392 1.867278 2.289128 2.519579 3.073159 2.828583 2.923916 3.008750 3.239546 3.060535 3.430473 3.448626 3.486291 3.232239 3.431993 3.414389 3.333889 3.245315 3.145305 2.996540 2.792014 2.770943 2.221848 4.283926 4.565085 4.355943 3.719495 3.915753 3.896802 3.617839 3.105660 2.848971 3.809807 1.610087
4.754620 4.310689 4.053330 1.780352 1.689937 0.987057 0.954343 2.574198 2.733636 2.940596 3.236609 3.308997 3.363358 3.690583 3.687470 3.793659 3.773102 3.486006 3.357796 4.181820 3.341143 3.316738 3.318673 3.181487 2.959137 3.237184 3.371837 3.588887 3.417404 5.075613 1.946470 2.353148 2.541570 2.613631 3.089169 2.941726 3.026011 3.115117 3.170542 3.475256 3.212758 3.262573 3.309224 3.282884 3.217479 3.197166 3.135216 3.163159 2.980484 3.141589 2.430536 3.153159 4.847986 4.566668 4.147770 3.840525 3.676440 3.469498 3.609869 2.809978 2.155783 2.359970 2.283502
4.328623 4.333139 4.066648 1.335754 1.233719 1.168604 0.799748 3.160351 2.956920 2.988863 3.286632 2.867660 3.445674 3.211966 3.446616 4.771399 3.785480 3.670388 3.302753 4.104822 4.621970 2.919821 2.833794 2.765452 3.205549 3.408539 3.491386 3.621519 3.703503 4.455616 1.884454 2.337105 2.575005 2.726727 2.853413 2.989577 3.081006 3.171117 3.245138 3.539190 3.299134 3.389281 3.367008 3.330094 3.233337 3.353284 3.091043 3.053334 3.004467 2.828964 2.738622 2.793895 4.782158 3.992206 4.281253 4.229336 3.843760 3.564532 3.518875 3.725316 2.167449 2.861868 1.919245
4.189931 3.870071 3.998568 4.724385 1.347197 1.375853 1.029635 0.824907 3.704872 2.474841 2.344858 3.099214 2.773319 2.789564 4.656090 3.978268 4.211211 3.914449 3.908000 4.190928 3.260746 3.308181 3.368239 2.941705 3.013727 3.210732 3.430749 3.740518 3.671966 2.168341 2.127402 2.450516 2.665393 2.733690 2.866704 3.401981 3.067387 3.391665 3.229025 3.328461 3.439727 3.455995 3.426468 3.379963 3.288053 3.374459 3.262550 3.159032 2.997399 2.558501 2.466254 5.085207 2.239903 2.719848 2.394192 3.903068 3.981829 4.279174 1.641850 1.594462 3.612484 2.972007 3.060853
4.012949 3.486229 4.604611 4.147219 2.067980 1.552526 1.291897 0.870742 3.702532 2.564071 2.807606 2.708522 2.624960 2.580454 3.586404 4.299246 4.184737 3.716359 3.781476 4.026282 3.259438 4.444650 3.361707 2.804432 3.035644 3.452171 3.399830 3.581239 5.271297 2.109993 2.087754 2.377886 2.838645 2.819463 2.940431 3.118527 3.088580 3.504319 3.238460 3.444735 3.535811 3.734624 3.456971 3.457009 3.312019 3.212702 3.272271 3.133949 2.940288 2.440818 2.417695 5.161838 4.759519 4.309926 4.126709 3.980736 3.951267 1.441671 1.449434 1.688848 3.696309 4.012810 3.698883
4.025181 3.111723 3.854300 3.449070 4.313202 1.326999 1.322295 0.953381 0.856791 2.409978 2.314226 2.951945 2.986598 3.348545 3.348999 3.407738 3.137489 3.974261 4.089161 4.616852 4.630287 3.967012 2.976669 2.291389 1.734380 3.588467 4.743762 4.614584 4.385789 1.713157 2.024154 2.386717 2.828966 2.836340 2.973768 3.168983 3.144455 3.229218 4.623984 3.455530 3.664378 3.640714 3.548871 3.428534 3.310957 3.477479 3.137118 3.073414 2.672087 2.312631 5.218462 4.856185 4.504767 4.220704 4.125612 4.085196 4.180658 3.651968 1.510394 1.517282 1.552952 2.049160 1.778903
3.442403 3.678260 3.918141 4.031792 4.075761 1.275549 1.282350 1.122172 0.905488 3.075546 2.482856 2.891485 2.649698 3.046655 3.139436 2.934233 3.583158 5.174497 4.201861 4.488863 3.722001 3.582102 3.574333 3.443099 1.904303 1.114033 1.927641 3.676496 3.886719 2.012877 1.989240 2.352468 2.568573 2.748912 3.024432 2.980866 3.495170 3.402388 3.369431 3.612291 3.674243 3.676733 3.562021 3.576272 3.451066 3.323247 3.317443 3.131817 2.661174 3.766050 5.062438 4.655410 4.587768 4.618772 4.379252 4.427352 3.868472 4.356947 1.513819 1.558969 1.630081 2.131376 3.035671
3.981029 3.455468 3.259708 3.449489 3.750197 1.394810 1.322354 1.248680 0.825787 2.955326 3.380523 2.397485 2.708611 2.861222 2.703779 3.732967 3.816354 4.858773 4.081320 3.724583 3.545513 3.767517 3.478170 3.276282 2.754509 2.608374 2.945872 3.079611 3.749668 1.805220 1.886197 2.428757 2.626742 2.571529 2.788109 6.201993 3.341128 3.633659 3.629159 3.671236 3.586463 3.674549 3.497302 3.597788 3.508488 3.363126 3.224893 3.013140 2.676710 5.443477 4.893656 5.077219 4.437568 4.532501 4.445381 3.907067 4.221982 3.885371 4.503115 1.574971 1.704974 2.497398 4.087059
3.720595 3.294707 3.749436 3.091433 3.501679 1.865716 1.480915 1.386245 0.977933 2.549214 3.601942 2.224919 2.847883 2.804410 2.915302 3.801263 3.675831 3.409809 3.707100 4.036743 3.610250 3.436922 3.527410 3.188233 3.624408 3.797065 3.477674 3.107621 4.042458 1.678501 1.734468 2.057087 2.339687 2.639197 5.122114 3.346705 3.439547 3.542047 3.635126 3.814126 3.671947 3.600770 3.666746 3.518912 3.533974 3.428275 3.243855 2.854232 5.124950 5.056499 4.956473 5.101345 4.912526 4.328275 4.386173 3.541410 3.609796 4.363830 4.271301 1.295078 1.202138 2.133049 3.908172
2.966995 3.518344 4.612612 1.498877 1.863899 1.725229 1.582060 1.433926 1.036878 2.591592 2.519140 2.773024 2.529015 2.964828 2.880167 3.484833 3.887548 3.631428 3.603733 3.366100 2.941810 3.452657 3.387372 3.629419 3.748406 3.903171 3.304545 3.578743 4.138059 4.233916 5.212123 5.191738 3.088904 5.249762 4.982333 2.942016 3.321891 3.671530 3.570203 3.587420 3.576856 3.893581 3.547693 3.614216 3.622089 3.587024 3.345416 2.874105 5.654371 4.878029 4.576032 4.704004 4.150094 4.174754 3.939151 3.725971 3.563476 3.821425 3.790593 1.493389 1.524817 3.170138 3.572475
3.597619 1.016138 1.172842 1.286970 1.520926 1.632252 1.877510 2.549310 2.108067 2.487983 2.707974 3.289503 3.278238 2.721101 2.933204 3.123439 3.586759 4.103928 3.671682 3.091248 3.350764 3.603159 3.173639 3.507033 3.708437 3.550370 4.293271 4.350856 4.596032 5.064223 5.160214 5.091710 4.897661 5.716864 2.525889 2.798315 3.215484 3.652082 3.561743 3.668844 3.568833 3.489985 3.573361 3.757123 3.690770 3.671598 3.439143 3.144471 5.241604 5.105206 4.798389 4.669353 4.605312 4.281656 4.469612 3.764281 3.487177 3.710313 3.694610 2.251339 4.204477 1.594032 1.868479
0.970048 1.488089 3.883059 3.260797 4.549407 2.512673 1.548508 1.601542 1.189329 0.807038 3.467039 3.100358 2.973265 2.887211 3.090166 2.954037 3.297535 3.477846 3.753486 3.638248 3.563722 2.668275 3.280188 3.397428 4.144307 3.043234 3.254191 4.489291 3.765757 2.410106 2.085605 4.630928 4.486205 2.483588 2.670614 2.815548 3.121152 3.493286 3.535599 3.575492 3.532407 3.584019 3.657159 3.726707 3.769771 3.708833 3.532122 3.011244 3.722830 5.004606 4.725059 4.561127 4.517055 4.129787 3.902923 3.974194 3.806386 3.727931 3.945946 3.582377 3.119705 3.432055 3.060364
2.934282 3.144996 3.547135 3.593932 4.179461 1.308582 1.430405 1.725575 1.325612 0.907376 3.363658 2.373902 2.846601 2.746906 2.589070 2.882873 3.334775 3.686375 4.167472 3.993016 3.617279 3.163075 2.934540 3.976330 3.947690 3.721909 4.318299 2.336754 1.695754 2.049634 1.728962 4.319551 5.006120 2.669595 2.659088 2.722053 2.962772 3.251180 3.531214 3.349142 3.481570 3.590060 3.674504 3.909486 3.940663 3.988328 3.647298 3.247113 2.930565 4.642928 4.798730 4.391363 4.318050 4.059945 3.877900 4.049905 3.876492 4.027547 3.549891 3.866693 3.411177 2.754150 2.558923
3.133044 3.861500 3.387673 3.602437 3.778538 2.148297 1.334688 1.675011 1.380259 0.961740 2.109129 2.718400 2.632660 3.066184 3.141663 3.167906 3.495091 4.180040 4.519120 3.359853 2.998514 3.025685 3.312393 2.937587 2.980983 3.285508 1.972989 1.590159 1.712188 2.262317 4.590906 3.433096 3.363979 4.456781 4.830970 5.361650 2.844173 3.060099 3.122792 3.162856 3.556960 3.499851 3.607594 3.728864 3.844203 3.825756 3.589452 3.293006 2.986072 2.804492 2.271842 4.716527 3.840050 3.884841 3.841843 3.891129 3.727149 3.737343 3.543381 3.097271 2.924143 2.840961 2.844468
2.772472 3.356248 2.914896 3.914697 3.855641 3.652220 1.508357 1.603634 1.400286 1.005384 0.978407 3.168252 2.805566 2.729217 2.583877 3.638834 3.560942 4.114507 3.690481 3.045216 3.093913 3.632154 3.372243 2.890273 2.678545 3.007714 1.121389 1.364900 1.748023 4.536433 3.947925 1.525050 2.913115 4.473511 5.202665 4.885679 5.056344 2.780992 2.775703 3.043136 5.235574 3.446534 3.630303 3.890894 3.815822 3.918230 3.629495 3.400687 3.058969 3.062109 2.326170 3.971909 3.981611 4.027589 4.042085 3.780098 3.689905 3.569410 3.038223 3.252782 2.992940 2.436274 2.551257
3.309316 3.655965 3.648307 3.532392 3.462629 1.263279 1.163942 1.426663 1.320085 2.926163 2.919954 2.914010 3.800044 2.421218 3.185535 3.209237 3.695035 4.119360 2.955590 3.130138 3.487126 2.771513 2.590259 3.298258 3.191220 1.033931 1.085529 1.612578 2.205817 3.509846 3.889368 3.211119 3.880509 4.216469 4.264428 4.593957 4.743332 5.965973 2.884536 4.677082 3.140091 3.611248 3.654518 3.724873 3.710440 3.674050 3.571505 3.398199 3.358246 3.179082 2.584034 1.981900 2.491014 4.457997 3.965557 3.238703 3.715573 3.094699 3.244455 2.640668 3.037736 2.561522 3.044175
3.536577 3.238236 3.672725 3.336061 3.889417 3.571169 1.133392 4.179636 2.639426 1.861154 0.819444 2.976974 2.400193 2.456037 2.639853 3.090218 3.285507 4.271218 3.524580 3.175236 3.346663 3.055195 2.722399 2.209471 3.874682 0.976666 1.153565 2.000397 4.153669 3.411136 4.297050 3.822746 3.645096 4.254032 4.471506 4.109012 4.375162 4.576902 2.603621 3.129439 2.994698 3.300375 3.651690 3.623646 3.797893 3.785113 3.499560 3.344388 3.844015 3.145547 2.738747 2.203050 2.447056 4.275591 3.595221 3.661634 3.188690 3.315550 3.407984 2.554043 2.715597 2.777674 2.922739
2.671464 2.662241 3.178033 3.280250 3.271994 4.606993 1.037210 1.253750 1.212231 0.773727 0.653848 2.670102 2.849025 2.238166 2.576868 3.333599 3.398495 4.504196 3.063687 3.101198 3.064595 2.950669 2.507953 3.368749 0.580783 0.752908 1.288617 3.431884 3.769214 4.328530 1.331961 4.520955 3.723232 4.309765 4.073081 4.048002 5.002321 2.507548 2.597979 2.987800 2.909143 3.324061 3.580026 3.522105 3.522414 3.432696 3.419421 3.288190 3.145533 3.081796 2.768700 2.328028 1.912192 4.388547 3.527612 3.420941 3.119290 3.348250 3.054559 2.946933 3.625118 2.770538 2.813090
