FlamMap_files/Wind/wind_speed_S3-4-7-8.asc
NCOLS 334
NROWS 300
XLLCORNER 372000.000000
YLLCORNER 5724000.000000
CELLSIZE 30.000000
NODATA_VALUE -9999.000000
[rows 28 to 55 of 300, columns 0 to 62 of 334]
3.505937 3.480916 4.437806 1.916646 4.556422 4.531178 2.060047 4.148047 3.401298 4.026387 3.939759 3.475153 3.969932 3.759885 3.237543 3.419286 3.437942 4.031098 3.925307 4.723212 4.177773 3.260513 3.462356 4.391978 4.121335 4.530914 4.915582 1.746216 1.705305 1.687033 1.510959 1.596662 1.590153 3.856839 3.955226 4.300645 4.017922 2.906779 3.766881 1.934977 4.752293 4.072685 4.677183 4.558564 4.507121 4.569543 3.952204 4.389618 4.458429 4.127728 3.070275 1.729674 4.052873 4.142568 2.005219 2.347640 2.243882 2.201247 2.849538 2.438777 3.929008 2.316105 2.100213
4.115084 2.556592 2.553935 1.986254 3.967057 4.134636 2.560717 4.174646 4.376607 3.696276 3.582189 3.439699 3.380712 3.470807 3.438097 4.325823 4.068985 4.289479 4.639417 3.609999 3.258627 3.747352 4.114732 3.543902 4.908185 1.819501 1.913488 1.856814 1.725383 2.365793 3.858462 4.377463 2.968780 1.892767 1.503417 3.017338 4.282132 2.513557 4.582592 4.000835 4.316581 2.164965 2.124356 2.915957 4.464598 4.588892 4.551357 4.437303 4.019051 3.919194 1.800485 4.333016 3.297940 2.225710 2.442167 2.061304 2.179593 2.577785 2.901994 4.363123 2.159993 2.253509 2.252136
4.597353 1.840463 1.933394 1.813549 3.777959 3.881937 2.936161 3.779015 3.414489 3.835638 3.224093 3.416942 3.468402 3.709991 3.732116 4.194240 4.810284 3.847316 4.039827 3.889574 3.984464 4.138864 3.552578 3.933303 2.093913 1.808522 1.962176 1.860379 1.745473 4.957337 1.883927 1.822289 1.658717 3.188646 1.869235 1.503482 1.679632 1.681803 2.204607 3.939561 1.793822 1.520360 1.863903 4.347795 4.141792 4.397859 3.841439 1.848613 2.279164 4.555114 2.258656 4.704314 3.421276 2.703961 2.141320 2.116638 2.121514 4.790953 5.187523 2.159442 2.201954 2.219302 3.558569
4.544042 4.339488 4.177999 3.643574 3.546084 4.005373 3.688647 3.489687 3.638026 3.655582 3.522019 3.526262 3.375564 4.163479 4.122189 3.402617 3.451077 3.448736 3.662882 3.722739 4.174614 3.837206 3.845265 2.878875 1.807866 2.013074 1.936221 1.877678 2.896443 2.190746 2.053343 1.948443 1.770527 1.907355 2.430445 2.353741 1.790773 1.492188 3.980531 1.824029 1.632992 2.858984 4.159955 4.945958 2.205271 1.707611 4.078351 2.797044 4.614087 1.899403 1.548458 4.567791 1.661004 2.027535 1.965216 2.329151 5.092882 2.311466 2.097332 2.049968 2.394582 4.975291 4.974688
0.644133 3.310607 3.064772 3.415876 3.357601 3.521631 4.449978 4.021781 3.527726 3.431801 3.399292 3.473950 3.889351 4.449760 4.284821 3.368773 3.548425 3.694612 3.899993 4.532134 3.607452 3.474579 4.581138 1.721300 2.098389 2.065012 1.889954 2.518904 2.169732 2.703272 2.026892 2.082679 1.900087 1.653614 1.857744 4.286495 2.248582 1.614540 4.272313 2.640488 3.951711 4.383513 4.393413 4.338924 4.711731 1.545126 1.992845 2.435932 1.964769 1.758669 1.914597 1.709861 1.895382 3.532508 1.934400 4.600389 4.835851 2.161492 1.881617 2.637469 4.722977 3.099856 2.152381
3.596895 2.954328 3.233405 3.364864 3.642003 3.556204 4.162725 4.152128 3.591405 3.327616 3.822169 3.479157 3.496991 3.353551 3.129720 3.248095 4.817145 3.518621 4.324513 3.398914 3.611658 1.832014 1.735616 1.949061 1.924203 1.994534 1.915597 1.995109 2.221040 2.577967 3.095905 3.012746 2.179855 1.841115 1.820970 1.815802 1.678656 4.169835 4.027039 2.750291 4.050993 4.202868 4.020238 3.954760 4.872558 1.671305 1.556469 3.069398 3.300015 4.524725 3.508038 2.007136 1.874261 2.015547 4.888991 2.091933 2.018846 2.166787 4.988977 4.461148 3.363585 5.023787 5.117155
3.250978 2.945634 3.694911 3.278523 3.227905 3.347811 4.356356 4.459891 3.756909 3.686253 3.478160 3.754355 3.556318 4.022405 4.573502 3.427966 2.753229 3.687260 3.408484 3.584382 4.818485 1.700059 1.878775 1.611515 1.917198 1.998673 2.108846 3.053554 3.744814 2.230310 2.352089 2.673286 2.379688 1.821156 1.716789 1.540049 1.738765 3.582467 3.774358 1.286034 2.680427 2.742990 4.048753 4.314359 1.873390 1.891360 1.680478 2.512187 4.554189 3.229752 4.401303 1.887827 1.939459 4.842710 2.820968 1.946389 2.005914 5.074151 4.696846 2.222091 4.861468 4.551847 5.092074
3.421509 3.150480 3.214300 3.298163 3.331228 3.339692 3.658305 3.327074 3.892193 3.553742 3.805724 4.334473 4.210442 2.940820 3.822034 4.352689 4.054524 3.536472 3.795453 2.079993 1.937698 1.839813 1.716423 4.818719 1.730600 2.208238 2.059505 3.271937 2.239402 2.216566 2.154645 2.614524 1.918830 2.105900 2.038444 1.670307 1.677598 4.381855 1.616763 1.398539 3.654306 4.313653 4.510986 1.599290 2.071769 3.491977 1.896619 4.063949 4.530020 1.417836 1.578594 4.667606 4.764656 1.968528 2.800833 3.244884 4.688656 4.292395 2.108289 4.900911 3.787266 4.568357 3.756864
3.403702 3.101680 3.059810 3.120043 3.168990 3.836410 4.264413 3.837331 4.702041 4.494577 4.510295 3.990136 4.610294 4.626784 3.748349 3.411663 3.458853 4.001512 4.312668 1.854409 1.874431 1.923700 2.939614 4.625199 1.824619 1.886783 3.301813 2.384849 2.381166 2.293814 2.265327 2.121620 1.979985 2.078751 1.971817 2.023845 1.604914 1.833283 1.162076 3.467969 2.130657 3.810889 3.767538 1.381326 1.824968 2.184399 2.074967 4.497141 4.904911 1.676347 2.133732 4.402556 3.410360 3.101163 1.825078 4.905010 4.712147 1.784985 1.955083 3.691537 5.327486 5.155390 2.250687
2.883719 3.290133 3.246010 3.671590 4.010436 4.149132 4.501619 4.201032 4.593860 3.885941 3.607403 3.669064 3.540079 3.634142 3.476886 4.465118 2.562381 2.014308 2.010549 1.924115 1.932765 1.998267 1.645929 1.575307 2.015307 4.642154 2.681513 2.318797 2.416049 2.171055 2.280607 2.234655 2.219871 1.887194 1.892445 1.934390 3.555383 1.689041 1.460185 1.564518 3.473984 3.928304 3.287093 1.554083 2.438556 4.788656 4.525996 1.867922 2.200481 4.403883 4.664648 2.075221 2.654454 2.029002 4.707462 3.746119 1.881444 1.773002 4.658488 3.955920 5.011224 4.844045 2.337814
2.878115 3.712629 3.529583 3.634387 3.972257 4.397882 4.908262 3.225506 4.660119 3.531980 4.176725 4.225807 4.621815 3.969262 4.769801 2.049119 1.966660 2.010875 1.903398 2.058201 1.884473 2.010480 1.812802 2.335809 1.964610 4.775905 4.710467 2.892002 2.256872 2.196933 2.311833 2.268797 2.215316 2.106036 1.816341 4.109913 3.513337 1.570120 1.506936 2.873604 3.458730 1.242034 1.279802 3.758127 2.034719 4.005834 3.721499 1.907278 1.932373 4.640778 3.742296 1.746642 1.707003 4.506065 4.693337 1.812567 1.827066 1.846695 4.822268 4.511549 5.392550 2.562678 2.430049
4.217004 2.762194 3.936003 3.579925 3.033829 4.103457 4.759467 2.585722 3.277963 1.787118 1.974133 4.500259 1.995740 2.200032 2.345116 2.242450 2.090177 2.281092 1.872831 2.118610 1.834393 1.941848 1.935747 3.357145 3.878324 2.224110 2.018799 2.028794 2.263738 2.287410 2.291524 2.385370 2.148405 2.010093 1.848323 3.961763 1.724718 4.452520 4.399033 4.513105 4.727988 1.675541 1.653717 1.637974 1.470727 1.544585 1.701165 2.821488 4.865500 2.039938 1.781158 2.064558 3.845409 2.720340 1.769395 2.059698 3.959080 3.978286 4.102142 4.536573 3.337825 3.563757 5.646137
3.181358 3.743044 3.200446 2.200047 3.089517 3.396849 4.584574 4.859292 3.058131 2.673847 1.947746 4.973194 3.033963 2.336972 2.266953 2.285039 2.089349 2.226233 2.136496 1.902137 2.189768 1.963528 1.984861 3.750646 2.482326 2.160660 2.067401 2.073330 2.144044 2.219563 2.237916 2.424204 2.215739 2.103896 1.976725 4.676306 1.714054 1.712012 4.432964 4.470158 3.900308 1.779945 1.707196 1.959059 1.658346 1.786764 1.619791 4.272122 4.706427 1.900848 1.794461 2.872026 4.129450 1.805626 1.829219 4.500618 3.648552 4.711975 4.991166 3.121614 2.385206 3.049561 2.650562
2.552014 3.979892 3.246667 2.969784 4.262508 2.682745 4.018111 4.862360 2.684178 2.067040 1.945792 2.115567 2.090137 2.117933 2.242415 2.299968 2.267612 2.225019 1.993959 2.617389 2.014156 2.073096 1.983999 4.768492 2.042493 2.210217 2.095764 2.109163 2.147585 2.175313 2.354603 2.302969 2.187989 2.132822 4.219778 1.976802 2.168284 2.714179 3.757326 4.117074 1.846699 1.734015 1.737892 1.991716 1.779017 1.654622 4.584257 3.975990 2.351966 2.101085 1.497134 4.274792 2.309395 1.743536 2.009918 3.568483 4.301168 2.741775 4.353771 2.900553 2.902550 2.850804 2.690040
3.258491 4.089437 2.711035 1.991199 4.538065 3.690786 3.979642 4.586699 2.939372 3.591726 1.665624 1.971790 2.118484 2.251718 2.276517 2.336343 2.262505 2.370317 2.062473 5.021754 1.975485 2.046999 3.393208 3.758482 2.092393 2.150591 2.123182 2.129945 2.158025 2.140738 2.348466 2.160825 2.194904 2.153342 4.444347 3.273925 1.929913 3.751598 3.815479 4.405691 4.305871 1.657938 1.739617 1.782669 1.755928 2.990231 4.053001 1.779886 2.349476 1.933265 4.834307 3.060251 1.567883 4.262090 4.194329 4.436721 4.707575 2.240927 4.718025 2.827260 2.420452 2.754893 2.808152
3.160266 4.379181 3.549194 2.993931 2.232442 3.178188 1.237502 4.468864 2.139410 3.755656 1.746035 2.226589 2.413806 2.232412 2.311184 2.394744 2.185390 2.290742 2.401314 2.077120 2.134705 4.511548 3.774795 2.152039 2.148983 2.130768 2.170119 2.162975 2.163500 2.111710 2.333699 2.144939 2.360014 5.119866 4.461495 2.046146 1.974092 2.789831 4.682779 4.511937 4.696939 2.385025 1.518237 1.717221 2.084347 3.636372 2.152912 1.782927 1.855993 4.835915 4.850176 4.093672 2.533236 3.122031 3.144799 4.635362 3.931286 3.734116 4.430299 2.281941 2.508171 2.814461 2.741714
4.254093 4.215924 2.729971 1.637984 1.625531 1.374306 1.284842 4.241471 3.655099 4.449082 1.446934 1.955763 2.376726 2.300332 2.446060 2.557424 2.332833 2.868565 2.121941 2.410714 2.171544 2.340071 2.337186 2.152328 2.202412 2.221768 2.212303 2.220570 2.063702 2.123633 2.471552 2.508817 4.453281 3.702464 2.138885 1.965858 1.979902 4.902882 3.415951 2.477039 2.675538 1.465959 1.648807 4.457280 3.580231 1.655836 1.630953 1.799168 4.381185 2.642823 3.208981 4.474337 3.227055 4.327520 4.228484 3.457520 3.523102 4.609830 4.538956 2.419766 2.456966 2.835119 2.738338
1.697561 1.591868 4.519197 4.613140 1.602713 1.431031 1.342820 4.059981 4.260926 4.303434 1.459934 1.866883 2.309595 2.227043 2.312820 2.443465 2.345358 2.165183 2.082617 2.405895 3.590042 2.427828 2.328614 2.261024 2.262129 2.240983 2.169104 4.659859 4.673778 2.251979 4.172553 4.603727 1.954970 3.063528 2.097743 1.974497 3.298105 2.659421 1.948815 1.840291 1.763447 1.466484 2.588036 4.090889 2.112936 1.766221 3.493679 4.219829 4.372648 2.234237 4.493097 3.897992 3.437033 3.788295 3.103434 3.522347 3.746691 3.024639 4.049372 2.407736 2.372613 2.773169 2.908723
1.720545 1.644760 1.542479 4.118786 4.579171 1.741191 1.339486 4.029735 4.613013 4.415082 1.597663 1.800064 2.089610 2.206154 2.287190 2.422836 2.524548 2.245518 2.098844 2.472816 2.712848 5.099652 4.474237 2.447803 2.354710 4.399403 2.404442 3.453093 2.499522 2.206488 2.032198 1.897399 3.524390 2.133036 1.978203 3.217498 3.321896 2.068393 2.266461 1.991868 1.893072 1.808461 4.417069 3.508071 1.680957 2.020473 3.483575 3.059167 3.681879 2.340915 3.638086 3.204687 4.119449 3.492270 3.871288 4.403304 3.035876 4.053566 3.761908 3.634284 3.837305 2.559737 2.869408
1.696902 1.684348 1.607026 1.568899 1.518132 1.730635 1.286653 3.986399 4.623400 4.532861 1.616464 1.727330 2.043828 2.172415 2.196492 2.511714 2.314658 2.263875 2.379985 4.193704 4.413707 2.488214 2.383437 2.472644 2.290133 2.339654 2.201413 2.125219 3.049753 2.237967 2.044622 3.139064 3.718640 4.525816 4.246338 3.333189 4.026638 2.015340 2.173825 1.989732 1.942425 4.923005 4.839572 1.602474 1.625834 4.425260 3.201794 4.142740 3.394290 3.262380 2.727545 4.440299 4.316272 4.449659 4.392191 3.469227 4.173973 4.180326 4.187020 4.344788 2.819330 4.662805 5.355237
1.662321 1.705694 1.736806 1.672997 1.554424 4.427754 1.513156 3.710340 4.662951 4.667609 3.104874 1.639843 1.986386 2.096853 2.203676 2.369661 2.206844 2.193918 2.338484 4.090884 4.325039 2.730786 2.422024 2.649050 2.369082 2.429193 2.289269 2.421254 2.680779 2.219622 1.961218 4.502020 4.624433 4.205455 3.798887 4.934507 3.988986 2.011563 2.132994 2.038654 1.953552 4.787810 4.833819 1.600909 2.861382 4.037899 4.364351 4.023624 4.549366 3.512423 3.183656 3.999530 4.542640 4.528326 3.668574 4.013998 2.702313 3.217995 3.966608 3.411755 3.946734 4.099940 4.462433
1.790985 1.677621 1.882170 1.647093 1.712820 1.450265 3.791181 4.053546 4.337166 4.164216 3.998002 1.542462 1.897898 1.967160 2.182861 2.485273 2.124207 2.170288 2.167417 5.201608 4.422070 2.687765 2.368379 2.569282 2.495448 2.493145 2.360725 2.464987 3.674591 2.250257 1.963837 4.515441 4.491955 3.920356 4.273473 4.958509 1.890265 2.181580 2.012271 3.931042 4.595430 1.977730 2.101094 3.507940 4.297888 4.468019 3.456207 4.776251 4.593324 3.640375 4.550079 3.328148 2.849952 3.112519 3.580584 3.035426 2.728430 3.810869 4.021294 3.123264 2.978591 4.390290 5.204102
3.046021 1.850184 2.124344 1.977874 1.720178 1.675465 1.524056 3.469588 4.109027 4.205441 4.040449 1.461340 1.951517 1.847857 2.229695 2.478899 5.186539 2.385311 2.223469 2.508866 2.321853 2.417773 2.443521 2.563478 2.576363 2.535961 2.417541 2.511596 4.251810 2.282652 2.598380 4.111611 3.960887 3.647353 4.783350 1.977733 1.888440 2.207729 1.978596 4.851910 3.497220 2.045655 2.103407 4.457080 4.460738 2.101115 3.889336 4.900093 4.150326 4.705351 3.513463 3.418673 3.132552 4.368535 4.043983 3.022784 3.066950 3.534080 2.543377 3.620907 4.036410 4.376644 4.408362
1.569544 2.410254 2.003154 2.151407 1.859985 1.897446 1.556162 1.535989 4.508484 2.508328 4.665951 1.435112 1.621390 4.539615 4.371696 3.653260 5.249465 2.145716 2.429023 2.824954 2.502334 2.461317 2.504788 2.539090 2.543533 2.514994 2.439848 2.534420 2.424182 2.194379 4.605553 4.251892 3.611625 4.216219 4.478720 1.984105 1.919473 2.625473 4.779087 3.217188 2.068602 2.298480 3.797741 1.970146 1.520361 1.696631 3.533807 3.421425 4.143987 3.301492 2.313059 2.296535 3.926889 4.644519 3.521755 3.275340 3.347628 3.797307 4.927632 4.896082 5.133331 4.801018 4.678137
2.015305 2.288383 2.152670 2.077949 2.343995 2.025147 1.738031 2.056859 4.547483 2.122901 4.652242 1.520183 2.774811 4.383088 4.475185 4.879402 2.007246 2.324387 2.353281 2.805206 2.309353 2.481103 2.765053 3.176489 3.596434 2.732797 2.408155 3.924766 2.299423 3.865471 3.751206 3.903755 3.858102 2.957129 4.207255 1.980375 1.945972 4.897470 4.680780 2.059695 2.072520 4.841513 5.086422 2.055131 1.910868 1.869335 3.481220 3.425110 4.390472 3.361342 1.752929 3.095698 3.123884 3.951517 4.074857 4.128845 3.057020 4.744776 4.535797 4.764309 4.314580 4.880159 5.200324
1.266105 2.367644 2.002053 1.959371 2.279010 2.336272 1.656360 1.803252 4.061151 2.545795 4.259401 4.579843 3.676315 1.822712 2.131975 2.252433 1.906110 1.984737 2.690161 4.393663 4.654559 2.410250 2.823892 2.557013 2.488987 2.492945 3.410659 4.256626 4.230287 5.102781 3.947085 3.786175 3.295025 4.699405 1.717777 1.926640 5.004880 2.666918 2.024352 2.111284 4.460268 2.064008 2.056213 2.076087 1.975142 3.722759 4.108303 4.554639 4.985328 3.742422 3.756734 2.509042 2.709935 3.415607 3.478620 3.484216 5.007712 3.849655 4.023171 4.302919 4.760591 5.148326 3.225794
3.433190 0.997859 1.895481 1.769763 2.151442 2.429130 1.834487 2.277242 4.409991 2.671934 4.793327 4.306016 4.853181 1.921580 2.404665 2.467893 1.987941 2.579432 4.648897 4.534720 5.045558 2.424924 2.799861 2.479559 3.413095 5.067523 3.983078 4.066106 4.869613 4.169148 3.542792 3.538676 3.691641 4.289814 1.721735 4.969985 3.743988 1.914181 1.934472 4.664160 4.855563 2.065973 2.064817 2.078412 2.267237 4.885967 4.081810 2.104712 2.229511 4.044137 4.116041 1.921295 2.382051 3.561399 2.120429 4.140317 4.359112 4.331179 4.282316 4.418295 5.155852 2.417061 2.235310
4.088118 2.650732 1.201552 1.916359 2.206354 2.266916 2.252264 2.035483 3.610588 3.565375 4.804141 4.542049 4.238612 2.038898 2.184699 2.584866 2.147834 2.295233 3.380350 4.277801 5.169870 2.381156 5.201919 5.590962 4.032785 2.275091 3.540932 3.964129 3.877151 4.167012 3.811895 3.582695 4.990814 4.322201 4.708260 1.924036 1.873340 2.519598 4.270665 2.595990 1.949805 2.039049 2.077325 2.301246 4.384405 3.946319 2.281509 2.249441 2.630896 2.210119 2.306735 1.996240 3.580334 4.174708 4.560812 3.248525 4.949461 4.269805 4.479257 2.911115 2.424235 2.537368 2.479714
