FlamMap_files/Wind/wind_dir_S3-4-7-8.asc
NCOLS 334
NROWS 300
XLLCORNER 372000.000000
YLLCORNER 5724000.000000
CELLSIZE 30.000000
NODATA_VALUE -9999.000000
[rows 100 to 124 of 300, columns 57 to 113 of 334]
244.508179 244.216599 243.923370 242.119858 241.023148 240.273117 240.951111 239.477951 239.457367 239.513611 240.229523 241.671982 242.662613 244.109726 245.790955 239.636749 246.642609 240.623230 242.070923 241.802719 240.635880 239.501785 239.687363 241.938553 242.172455 238.613007 242.033813 239.773438 238.612427 238.328842 238.874237 238.762009 236.986710 234.907776 233.945984 237.362488 238.755203 236.388855 236.864151 238.391830 240.225418 241.437241 241.441223 244.926605 239.877670 238.982574 245.297211 240.299637 242.125320 242.819595 239.165222 243.116699 243.430771 242.501282 242.910461 243.298264 243.087585
243.116272 243.190842 245.093491 242.512497 241.620026 241.000946 240.433578 239.733429 239.055099 238.725418 240.464539 242.133987 242.073990 242.908783 243.298264 244.570496 244.840317 244.684921 237.772003 242.556747 241.456894 234.705719 235.085739 240.751007 240.972214 241.850754 238.855576 239.529236 239.681107 239.495926 239.701859 241.898483 236.860397 234.776810 237.815994 237.122086 237.892593 238.251221 241.718857 237.488449 239.504929 240.393890 242.208282 243.530579 239.015625 239.429382 239.434860 243.735596 243.598587 236.812576 237.625168 240.730759 241.916718 241.942322 242.072525 243.372040 243.624252
243.705536 243.765594 243.411591 241.850952 241.905899 240.538818 240.478470 239.681061 239.333847 239.174118 241.498184 241.939850 241.317886 240.589813 240.948959 239.309265 240.640106 241.373459 239.717484 237.671829 235.969208 233.978317 235.233643 240.362183 239.833527 239.424622 238.014435 237.859970 236.431396 237.336212 238.461151 240.913834 235.926331 234.475708 238.263245 237.424759 237.532837 235.960861 238.369659 238.843369 238.282837 241.244904 242.603989 242.509949 238.836853 239.421173 240.485291 240.923004 238.844833 237.958710 239.304276 240.374695 240.120377 239.860489 239.759094 243.189621 243.492142
242.883545 241.938995 241.891922 243.312256 241.221100 240.822601 241.475586 240.796387 240.291946 240.006668 240.362259 241.100906 242.395935 241.295212 239.674942 238.127396 238.511185 238.637482 239.182800 241.802261 237.437912 236.816360 237.088364 238.828323 239.237213 237.285873 235.879059 234.191116 236.006454 236.894104 235.889862 239.134415 237.884369 239.155792 236.735168 238.742218 237.227478 236.914413 237.937897 240.048828 237.989212 240.246796 241.739670 239.148270 239.336945 239.456711 240.128479 239.510727 238.316895 238.294098 240.014465 240.731171 240.083282 242.006226 238.158768 242.116440 242.965332
241.891769 243.046158 241.377563 243.420273 241.305008 241.768372 241.290894 239.848450 240.355057 241.770981 242.376495 241.389069 241.728973 240.431183 238.046494 238.766891 238.828186 235.669479 238.953537 238.127228 236.945374 236.812820 236.138153 239.184540 239.190033 238.391327 239.702225 233.312531 235.316956 233.238510 237.234787 237.384293 236.983871 238.855942 237.918518 238.666626 236.551422 234.600098 235.205383 237.239273 238.836349 238.409531 240.723618 241.903656 238.921646 239.147415 240.950989 237.047134 237.965485 240.142197 240.820633 240.989807 241.285187 243.644989 239.069824 238.571152 243.641464
242.953217 243.333145 243.636795 243.165909 241.723785 242.441010 242.711456 241.718964 240.768845 241.868439 240.056885 241.981339 240.304764 240.591705 237.702438 237.562622 240.338287 240.218887 238.368134 236.438828 236.436234 237.239243 234.891129 232.949997 233.819061 239.258438 238.768448 238.871399 235.587814 235.444443 237.121231 235.692245 235.451752 234.618484 238.346344 244.671051 239.245209 238.751450 238.849518 239.315140 239.268402 237.761185 239.377304 241.485825 237.657806 239.328827 238.431534 236.409332 237.256897 239.826706 240.041428 239.858795 240.763580 241.487854 239.301895 238.379211 244.104462
244.159882 240.931610 245.742966 241.928314 241.958221 243.615631 241.900162 241.879868 242.164688 241.971634 242.315094 239.774170 242.817978 242.458633 241.956619 237.582626 241.858017 240.488434 239.252914 234.504532 238.069092 238.250977 238.132599 232.753708 237.477371 238.135529 237.860077 238.036179 238.261887 237.723923 238.316513 236.532150 238.002731 238.044632 240.530960 241.984329 237.489578 238.003799 240.449387 241.242554 244.772995 243.833099 239.267227 240.108017 239.134689 238.690979 237.674759 236.646927 237.640976 238.524536 237.745697 238.375305 239.570282 239.641754 238.346695 238.344833 241.319260
247.306137 242.059265 246.467117 242.406250 242.348587 242.271210 242.963791 242.146637 243.121017 243.721161 243.899612 243.775909 240.429047 240.144318 238.521103 240.967026 240.117966 241.286011 239.598160 241.163376 239.370712 240.137207 234.825180 235.907761 238.867584 235.320938 236.245377 233.395706 238.052704 239.916550 238.409149 241.594391 241.550339 242.416428 240.733551 240.742401 235.117844 236.734299 239.027206 240.940186 240.236847 238.885925 240.367996 239.993729 238.096970 236.662491 235.217377 235.568985 237.796753 237.935516 237.104904 237.351624 238.761871 239.069931 241.280334 238.127411 241.051514
243.239655 242.681381 242.728851 242.927216 241.968979 242.104065 244.936584 244.196320 242.759003 245.254837 244.965973 242.452820 243.033463 240.335556 240.428223 239.758759 240.914978 240.561676 239.651031 234.524872 241.969772 241.677490 238.337799 238.024582 236.808151 237.350128 235.648575 233.840591 236.903564 236.707184 238.801407 235.370499 234.754944 239.846817 240.727707 240.360748 236.174164 233.766022 237.435562 239.190094 239.850601 239.867569 240.617249 239.215622 233.816147 235.230453 234.745667 235.422943 237.239914 238.013474 237.306442 237.193695 238.101196 238.737289 238.027145 237.517273 239.961380
242.883835 243.240295 243.235672 241.903259 243.074600 242.692841 242.467697 245.213348 243.301849 244.448700 245.322647 245.877243 242.927109 243.838821 242.829620 239.762360 239.365250 237.844223 237.764023 237.865372 241.671494 242.914749 236.090485 236.636047 237.186188 235.433914 235.857117 235.589111 234.988403 235.505234 234.227158 234.007370 233.821625 235.277863 235.528625 238.231796 233.901794 234.137970 239.404800 237.782089 238.807037 231.935089 231.981674 231.330215 237.445221 236.630280 235.838455 236.645828 237.318604 237.736847 237.255875 237.118088 237.380585 237.673569 236.908356 237.253662 239.192856
243.518478 243.750626 243.630997 243.653610 242.964005 242.885208 243.931396 243.392197 243.291183 244.374268 245.287491 245.698242 245.148148 244.836685 243.059799 243.701599 242.184021 239.626694 239.200348 239.262192 238.725296 235.411224 230.597946 241.083084 239.175339 235.780960 235.020035 235.535049 233.685944 235.506775 232.614105 233.807724 236.299759 238.177353 236.240677 233.711487 233.468307 234.090515 231.042603 230.134659 230.173096 224.363663 236.624512 226.983383 236.616943 236.834229 237.276779 237.027969 236.652695 237.869293 235.454697 235.899933 236.935135 236.822189 235.989883 236.693802 242.638641
243.862579 244.254959 243.950470 243.006027 242.440704 241.862045 244.032318 242.292099 245.081207 244.275406 244.221573 244.493546 245.356308 244.355942 243.214630 243.745621 241.935959 241.504120 240.629745 239.626999 237.845963 236.736298 238.303604 240.954651 247.165451 238.967148 236.721130 237.408951 235.759598 235.238983 234.676559 234.797440 236.340240 231.356339 236.414612 235.700821 234.577240 233.021103 232.824326 230.684845 237.788406 232.308456 232.010788 230.315521 234.914841 237.092560 238.272583 238.236481 238.075272 236.000900 236.484268 235.438660 235.771530 235.503815 234.988495 235.294235 241.250488
244.365128 244.281952 243.098572 242.633789 244.060974 243.816483 243.256760 244.083130 244.425507 244.770966 243.719254 244.263245 244.800156 244.212357 244.015778 243.254837 243.385635 242.281219 241.281036 240.083649 238.219681 237.772644 240.120087 237.919678 239.810532 234.652054 232.747971 232.998291 237.170212 235.936432 235.519485 235.451736 235.402832 235.900330 234.596115 235.681152 234.126953 236.156433 231.819290 230.971268 238.027267 236.580750 228.528168 232.223663 236.851776 237.466080 238.215530 236.847656 235.942993 233.602768 235.547501 235.597336 235.399658 237.298401 238.827209 235.591675 239.205521
243.124451 247.645447 243.379807 242.598953 246.169693 246.359467 244.071808 241.796509 242.656418 243.687637 247.566132 245.021561 245.171112 246.069321 246.479736 244.792679 244.320724 242.514771 243.940552 240.551773 240.197861 240.630844 241.478683 239.891586 236.125870 233.524124 231.088364 236.330811 238.073181 235.419159 235.730942 233.775742 234.735275 236.842896 235.449829 236.909576 233.398331 235.154068 232.058548 238.408722 238.402191 236.038651 229.868774 234.095001 237.217407 238.020554 237.267410 236.186066 236.888901 234.225357 235.104523 236.225601 235.417633 235.653183 238.327316 237.150330 238.169540
243.065735 243.904221 247.106339 243.726776 250.354813 243.076782 244.110443 244.333511 244.759659 245.232162 243.889694 244.826187 244.724106 245.118637 245.289185 245.044388 245.763596 244.753036 244.770035 242.088089 242.201065 242.390900 241.657455 239.260590 236.494492 233.724808 233.320679 236.486069 239.408188 235.775696 233.158325 230.181213 235.043488 237.666245 237.542099 238.493820 233.987946 235.227615 236.663773 236.321579 232.745407 235.036026 226.755020 234.255554 237.376358 237.522110 236.486984 237.046539 235.466858 233.370193 234.061844 235.352768 235.226028 237.002945 238.343628 239.594406 235.645782
242.322800 242.729202 247.980560 243.954727 244.953766 253.342331 254.900803 247.248642 245.634659 245.618744 244.864044 245.514236 245.393387 246.966858 243.731491 244.226730 244.731537 244.795868 243.955658 242.673279 243.241516 243.231171 244.441101 240.736343 238.879532 237.658798 236.029526 237.414230 240.298141 235.558243 229.461029 235.523178 238.263733 237.184891 231.712387 239.265030 235.001251 235.916183 232.481384 234.132797 232.619690 233.215210 232.810898 237.297928 239.217392 237.120377 236.477905 234.734894 236.795227 233.546219 232.774200 234.595703 234.837952 236.558334 238.858673 241.102463 241.526566
241.123291 240.886230 245.519958 248.297791 243.016678 252.377335 253.195526 246.692108 253.007446 245.664963 249.930389 245.920380 245.060425 246.768753 244.127487 245.297623 245.068146 244.040878 244.328766 243.439011 244.556976 245.710648 243.030228 242.644180 241.210068 240.240875 240.212631 243.210464 237.899155 236.025284 235.109268 237.460464 239.677170 235.502472 232.460693 232.375381 235.690399 234.970352 238.687866 236.721146 234.052826 232.219818 232.709030 238.251083 238.642120 236.903183 237.820404 237.436340 235.122498 233.506439 232.227112 232.766281 235.452576 237.079880 238.892273 240.423462 236.227707
239.735260 244.519852 244.548599 244.939056 240.543793 248.847870 250.238419 247.434875 249.417877 244.587204 249.371231 245.899368 245.683151 246.459625 244.879562 244.760620 247.479523 245.748871 244.759277 243.360657 243.666443 244.097488 246.616318 243.644821 242.744873 241.279099 242.257385 242.470291 244.812637 236.295242 238.294281 239.900360 241.952667 235.746353 236.623428 237.464249 239.740036 234.783463 238.761978 237.873978 235.924057 233.146255 237.326202 238.819382 238.351776 237.469803 238.989380 234.154480 233.577820 230.889984 235.725784 230.308884 237.867462 237.885941 238.727356 239.536469 235.240356
237.372528 237.171692 238.423157 242.847275 241.704666 243.165466 246.420013 245.816223 245.148087 248.965439 245.094528 247.105652 245.998322 245.290710 243.918915 246.507141 247.229874 248.146500 245.283432 244.986893 247.032166 246.377869 246.082047 245.746597 245.807236 245.469818 241.769974 241.709824 242.088654 244.890350 243.048920 243.198776 241.272018 236.187546 238.512238 236.812653 239.130081 238.822266 235.743256 238.332047 236.398743 237.965546 238.582001 242.748337 238.131958 233.191849 234.219650 240.656113 239.935822 234.286316 237.438736 235.893066 237.862686 239.125122 239.259491 234.093887 238.935257
235.994431 236.659286 238.817993 242.364059 241.581116 241.947357 243.090714 243.862473 246.508850 249.859863 244.795944 247.127930 246.997787 244.909958 244.121109 245.829773 247.568069 246.487946 244.718918 246.189575 249.407181 246.910919 246.316452 246.297546 245.869110 245.022095 244.019608 240.249786 239.362061 240.533920 242.203400 244.826462 243.110077 237.824524 239.015656 237.453735 238.059067 237.647064 237.741318 237.351318 237.000977 238.104218 241.581818 243.059479 241.085510 241.011826 242.326614 234.904266 239.760101 232.270630 235.207901 237.578400 237.996613 239.109650 239.723175 235.219879 235.119873
236.825562 237.157333 240.640823 239.209381 240.790375 241.536835 242.712662 241.475754 244.634750 246.448761 247.783585 247.405701 246.967926 245.061966 244.573059 246.516006 247.027710 250.099960 245.225693 247.687164 251.225723 250.484390 247.927689 246.989838 247.694489 247.765228 245.474564 242.255035 240.679276 240.945480 242.638474 245.238312 243.218658 243.026321 240.534210 236.204712 237.512924 237.415710 238.264175 237.785767 238.174011 238.924149 241.795639 243.736298 243.261063 242.953476 236.731247 241.377991 239.545212 237.087906 236.334045 239.020706 241.634155 244.577560 236.585434 241.143204 240.302704
237.516113 239.794159 241.604706 241.410706 240.854385 240.932343 242.101700 243.590454 244.705734 244.806442 243.706848 245.164185 246.201782 245.679367 245.957352 247.669922 246.305908 251.537125 246.561066 248.324539 250.362946 248.493088 248.717865 248.296417 249.815201 253.475037 249.243103 247.450333 246.337128 243.914398 243.590652 243.960144 239.724167 241.239273 241.716217 242.639236 239.239273 239.513290 240.537842 240.635544 239.028946 240.367447 242.517792 244.247314 242.741348 242.619003 242.739471 242.683792 237.934906 237.852615 239.191910 241.491028 243.947525 245.530075 242.748520 243.442322 243.109970
238.887619 242.296738 243.780609 244.475967 242.654831 241.983185 242.216003 242.343521 244.436737 245.051010 244.049088 244.562088 245.128815 244.777466 244.628082 245.565842 245.731674 245.520340 246.989822 247.585602 251.953857 246.261093 247.396194 248.060257 250.030563 252.458191 250.393265 251.611923 249.082397 248.772171 248.643692 245.947998 245.230316 245.080246 246.700684 242.922302 239.357498 241.183716 242.278198 242.448456 241.418411 240.609100 243.270187 244.343155 243.279068 242.472244 243.385101 241.257172 244.018860 242.117004 240.351715 242.079056 245.098038 244.131760 248.084457 248.694855 246.252487
242.065414 245.356308 245.359116 245.154785 244.827301 245.058289 243.251740 245.288330 243.566422 244.557236 245.363327 244.056412 243.551315 245.142883 243.545578 243.879318 243.182236 249.891510 251.696655 251.536911 244.760498 243.951859 244.608063 244.567184 249.976990 249.400299 251.100052 249.277191 250.416870 250.630569 250.385910 248.631287 247.138809 247.078415 245.768600 243.878891 241.871338 242.376953 243.829056 243.566696 241.490738 239.673874 242.368561 243.409164 243.237320 243.400452 243.505386 245.421478 247.004074 244.444183 246.582718 244.352478 249.293320 245.449127 244.783279 243.510727 241.850494
245.028671 245.002274 244.840088 245.038010 245.883621 245.525864 244.173615 244.725357 244.433685 244.705826 245.181778 244.387238 243.732315 244.868668 244.643036 242.759888 242.750824 244.054596 246.168289 248.358047 244.444672 252.936005 245.354462 245.482498 251.483185 252.123444 252.625870 246.809555 247.803055 249.473877 249.853653 249.088348 248.008942 247.473740 246.000076 244.409668 243.513855 243.913605 246.126907 244.084076 239.725723 239.451721 241.677216 241.854431 241.412079 241.455643 242.724976 244.143494 245.946320 243.470917 243.376480 246.025009 245.762161 247.293594 246.288208 245.539978 244.554916
