FlamMap_files/Wind/wind_dir_S3-4-7-8.asc
NCOLS 334
NROWS 300
XLLCORNER 372000.000000
YLLCORNER 5724000.000000
CELLSIZE 30.000000
NODATA_VALUE -9999.000000
[rows 175 to 199 of 300, columns 114 to 170 of 334]
240.685684 241.315964 241.060928 240.360962 239.387222 238.335617 237.883148 237.341827 236.294556 236.849960 236.571991 235.221878 236.170410 239.579437 240.109467 235.845535 234.378815 235.841125 236.521118 236.187668 234.967316 246.049255 245.237411 242.577484 240.624466 236.217346 237.897690 234.008194 237.901779 239.057480 236.356155 236.520813 237.239365 241.450027 241.433090 239.590622 239.150604 239.372482 239.270905 240.663422 236.730667 236.897293 236.147842 237.153152 237.459091 236.508743 235.820755 240.706436 240.503281 239.907867 239.442871 240.861588 243.864456 243.213577 243.739258 241.387756 241.513611
241.056824 241.191360 240.362274 240.060104 239.807999 239.284607 238.657455 237.716202 237.381348 237.949570 237.414230 236.978424 237.657639 238.604736 236.563095 236.392807 237.397537 235.560120 236.161819 234.844376 236.031525 243.915619 232.715256 235.079193 242.217514 242.346573 241.454880 239.976593 239.146439 239.726700 239.711472 239.277496 241.218033 243.043304 243.258331 240.953918 240.069809 240.209778 239.934784 233.525146 238.006180 238.525482 237.854538 238.417923 238.357437 237.667847 237.207062 237.662598 240.184906 238.744705 238.473999 240.855835 243.903900 243.795471 244.737793 241.921768 239.962234
242.016891 241.283051 239.717484 238.978409 239.612549 240.817307 241.191238 240.362732 239.344818 239.083633 240.363815 241.034912 241.232300 242.856766 238.452988 240.301895 239.877518 238.122391 237.729935 236.875839 237.891418 236.861954 236.779633 235.620392 235.803024 241.184631 242.829895 243.336441 242.398804 242.949051 242.329803 241.539337 242.501724 245.098389 244.533142 241.774048 239.650391 239.119965 238.938873 239.634338 236.027161 237.924744 237.949020 238.444992 237.995102 237.611755 237.382904 237.096848 239.237503 237.835266 238.410492 241.130371 243.075699 244.545288 245.255447 243.011230 239.277344
243.217026 241.971939 240.480057 239.160416 239.585556 241.354889 242.308914 241.755569 241.023468 241.242905 241.221283 241.397324 243.365448 238.014435 239.772720 241.594711 240.960297 240.865494 239.384888 236.494080 237.112488 237.593918 233.119720 234.155457 234.626892 235.042175 234.799042 240.305908 240.278534 241.816864 241.789047 240.947540 246.464996 248.167786 244.334045 242.271072 240.174805 238.585587 237.944519 238.818680 234.824799 237.472809 237.826126 237.025070 238.084915 238.217255 237.494415 234.362534 238.162170 237.870331 239.528961 241.794815 242.450668 244.124634 244.605637 242.249039 240.287582
242.887100 242.189453 241.310883 239.884399 239.980560 241.317215 241.582733 240.974182 241.544235 242.817810 242.913971 243.016281 237.920364 239.675568 243.569565 242.611633 242.031097 240.955673 239.605148 238.423203 237.893784 236.771408 237.325272 233.911484 233.921188 235.544434 233.573578 233.013504 233.751007 234.503342 235.430222 240.675278 243.321274 246.944839 241.464706 242.721420 240.852753 239.137817 237.951645 238.522018 235.731339 237.766891 236.968719 237.826675 239.555695 239.709442 240.785828 239.829941 238.950958 238.877701 240.141281 241.324631 241.869019 244.386292 244.469070 242.541901 241.513641
241.259308 241.378555 240.465683 239.102127 239.615005 241.068115 240.742783 239.962997 240.899597 243.097168 244.205215 243.845917 244.502289 241.529541 242.579025 242.108566 241.713196 241.457047 240.970093 238.885727 237.996506 238.273178 234.902252 232.028534 232.207825 234.726364 234.293060 232.225510 232.382263 232.224136 237.361588 240.004379 242.702820 243.472717 240.153503 240.274460 240.352798 239.102371 238.214035 238.300766 232.706238 237.445770 236.806107 238.776169 238.111954 237.492981 237.223129 240.520416 240.125305 240.362946 240.570679 240.859634 241.328262 241.890732 241.539474 239.473129 240.838028
239.214493 239.943069 239.913391 239.416122 240.102356 241.365341 240.528610 239.148849 239.758987 242.060120 240.796387 243.176071 241.336456 242.376709 242.001465 241.321762 241.456024 240.956253 240.582092 240.028748 239.738205 239.122208 236.306732 238.308472 230.492432 230.958115 235.581940 233.568924 233.991119 235.235428 239.451935 241.556915 242.420105 242.333847 240.599686 240.463959 239.927521 238.820511 238.104874 238.560379 240.568604 237.291351 241.613937 240.002518 239.700195 238.492035 237.823898 238.786469 237.369904 238.166260 240.275925 238.921509 239.805252 239.592102 237.313446 238.046951 238.116196
239.108475 239.845673 240.030090 240.460510 241.504227 242.230637 240.881821 239.180054 239.306900 239.018478 239.450912 241.638931 243.493408 241.785690 241.342972 241.120972 239.983887 239.426956 238.964890 238.646576 238.834717 239.081253 238.330124 231.714279 232.046509 231.317474 235.207138 234.521500 234.667221 236.193695 239.780441 240.477402 240.876785 239.155029 239.206482 239.301712 238.132492 238.569397 238.210953 238.564667 239.996490 238.587753 237.619598 239.034271 238.703888 238.128021 237.420776 238.344147 236.661682 236.749344 238.485428 240.091202 238.722641 237.120575 235.780441 236.584976 238.679260
244.723923 242.260239 240.849335 240.417526 241.315887 242.412231 241.722092 240.810074 239.992889 239.391708 239.274979 238.610062 241.321411 241.540878 240.156067 239.874649 239.167145 239.248245 237.657043 237.589630 237.504715 239.060165 239.445175 239.763824 238.297699 237.896881 236.688660 235.228699 236.100952 239.733429 239.662125 240.175049 241.526306 239.896591 242.171005 239.218964 236.410828 237.437805 235.180756 235.944122 237.977829 238.941208 239.548828 240.551315 239.660568 238.848953 238.340775 238.328995 237.829727 237.033752 238.240250 239.341858 239.631546 235.820847 233.369217 238.551804 237.630478
243.382065 243.976532 241.784409 240.738678 240.683777 241.154419 242.399887 243.897491 242.977905 241.848099 241.027664 240.844574 240.607193 241.648514 242.850906 251.584061 243.456314 242.985886 240.363693 236.404633 237.007294 238.247940 237.130188 236.588882 235.976120 235.563202 235.179062 236.641495 238.741821 238.804779 240.043427 240.499420 240.648941 239.571320 238.256729 239.505066 237.441605 237.529999 235.654037 235.172760 236.720383 237.956070 239.844681 240.583603 239.628845 239.340149 238.920486 239.067673 238.421295 239.428253 238.433121 240.343399 240.666199 236.725433 234.960892 239.969864 238.431137
241.100967 242.623032 242.276978 241.190750 240.691528 240.774536 242.230576 245.167801 245.394058 246.218109 246.910965 246.003601 245.923996 245.224609 243.035965 244.826355 244.955521 245.515060 240.885666 238.198654 239.558228 238.317520 236.726151 234.722137 233.998291 233.363831 234.191864 238.729126 238.743027 239.606033 240.216293 243.119736 240.870148 238.998657 240.163300 238.392502 236.594986 236.967026 237.214966 237.081863 237.805435 233.972977 238.876022 240.087311 239.878464 239.457275 238.970245 238.516144 238.349182 239.320877 237.595993 239.949875 240.813828 237.496353 237.744781 241.511902 241.089706
239.435410 241.425629 242.344299 240.649200 239.786758 240.277222 240.935806 241.551773 241.240982 245.376328 247.389969 247.183609 246.887314 245.628387 243.023651 241.203537 241.659119 241.768936 237.931656 233.645248 235.394150 238.663406 237.377533 235.452866 233.882355 233.866333 236.943985 237.243683 238.907669 240.541382 241.414093 243.741470 239.825089 239.988937 239.375168 238.164368 236.834854 236.859756 238.092743 237.398575 238.370819 233.598022 238.154907 240.173325 240.056671 239.770096 239.084564 238.270798 237.980743 238.045593 237.975922 239.175827 238.473129 236.671906 237.108017 242.609344 243.733368
236.767197 241.587418 242.821396 240.200119 238.434677 239.225723 239.632568 238.361267 237.947327 239.356644 237.533875 239.585419 241.208969 244.331726 244.002106 236.761444 235.233475 239.995163 239.136124 238.581451 239.352737 240.091461 236.492203 234.991730 234.469635 236.144485 235.952774 235.331757 238.796021 240.423584 240.181488 238.805664 236.625443 239.464401 238.933105 237.783722 238.056580 237.382736 238.165207 237.439346 238.178558 239.219193 238.175095 240.108810 239.406708 239.234818 238.695084 238.674988 238.074020 238.359756 238.647263 238.820587 237.102036 236.315506 235.768433 240.267303 242.251526
239.730957 242.215378 243.483185 240.988602 239.003922 239.821960 239.639984 238.203903 238.632767 236.158249 237.342209 237.023087 238.907959 236.050354 242.348602 237.385818 223.892365 240.171097 240.096130 239.934402 240.198792 240.653839 238.791718 236.635880 235.672272 236.339584 236.839935 236.302353 237.984680 239.100739 238.910507 239.901108 237.326736 239.284622 239.367355 238.097992 237.235092 237.174088 238.341980 238.210022 237.557419 240.832657 241.146698 240.880020 239.113602 238.480225 238.911865 239.751877 239.403107 238.858490 239.898087 239.813141 238.839005 237.879669 237.975800 239.246948 241.773224
241.441101 243.225388 244.000626 241.599854 240.011261 241.303787 241.108734 239.231384 240.427582 240.848312 239.303864 239.546188 238.102966 235.851410 234.218140 233.222031 222.598450 240.624496 234.925827 235.908630 235.151474 241.597214 240.645462 234.496506 232.038162 237.428238 237.603058 237.756134 238.834717 241.349182 239.761719 241.084579 242.334991 242.935898 238.498199 240.413177 239.283600 238.611969 238.239136 237.929062 238.081573 240.875259 242.440689 241.811615 240.588211 240.478882 240.781723 240.581512 242.017105 242.015793 241.813400 244.990143 241.020386 241.231857 241.277664 241.626846 244.070572
244.020721 242.548828 244.556122 242.165192 240.412857 242.212311 242.410629 240.882538 240.242538 242.107529 242.901169 240.258362 236.099060 236.762039 234.579422 237.092194 236.927521 240.080612 241.006943 240.586517 240.235779 240.356461 241.043213 240.857666 239.262405 238.095749 238.794662 238.743607 240.080017 240.868576 239.963943 236.914627 242.848312 240.061508 237.467804 240.185425 238.910034 239.018707 240.504578 238.149857 239.295181 242.664917 242.241852 243.560577 242.872849 242.723679 242.417419 242.315903 242.701187 242.550781 243.099915 246.925797 241.314285 241.044098 241.667297 242.659149 244.343979
245.848740 246.413803 245.411926 243.372726 241.784073 243.136993 243.607681 243.649643 245.610977 244.147934 242.826080 240.832138 237.292007 241.817139 240.306824 236.065552 230.493195 236.191849 239.941620 235.872177 237.538422 233.002228 232.369049 238.542374 237.339508 236.168930 238.471924 239.002991 239.319260 237.802338 236.612015 235.038956 237.795578 238.191330 237.361725 239.163452 239.676788 241.344833 239.870178 240.581863 242.036163 243.905518 243.178467 244.470337 243.463516 242.603989 241.675812 241.754074 241.794022 241.734573 242.947311 247.711349 240.793030 239.651642 240.001297 241.046112 242.346161
246.636948 247.970169 246.139786 244.259140 243.029663 242.908829 243.925888 244.506454 247.080246 248.055984 246.145767 241.289581 238.440567 238.404190 239.740891 239.656265 239.340057 237.170914 234.390656 235.633942 238.340225 236.962555 237.228455 234.219528 237.319565 236.090424 238.485001 238.770508 239.121674 237.834335 237.318344 235.542435 239.693329 236.416733 236.864166 237.445068 240.028397 240.738007 240.702148 242.117508 244.264542 244.104324 240.528229 240.306229 242.223648 241.368805 241.191238 242.375015 240.988510 241.056427 241.863007 241.968597 240.868301 241.226410 240.347336 241.126282 241.074951
246.809296 248.086609 245.243622 243.293396 242.766602 244.759720 244.144211 245.337936 248.164200 248.438995 246.591904 241.691422 239.258011 241.969116 239.779114 239.653381 239.509369 238.271042 235.487686 239.499252 239.273483 239.123291 239.827957 237.604736 240.732880 241.169693 241.817551 241.526398 241.733429 241.249298 241.987854 242.798096 241.354706 239.364853 236.822479 239.287949 239.157455 238.641357 239.096100 241.293198 243.616302 242.697128 243.146332 242.356628 240.945206 240.348923 241.013565 241.073761 240.626724 240.537262 240.758713 240.097549 239.638809 240.552200 240.701431 241.802841 238.200714
246.375900 246.198120 247.205002 242.547852 242.008194 241.895691 243.539612 245.195526 247.043411 246.707809 246.021591 242.930191 241.586380 243.172562 244.625305 242.263550 241.118927 237.561020 235.582748 239.237564 232.644089 239.410767 240.502960 241.641525 241.628860 243.593750 244.286407 243.374115 243.046738 243.014618 244.921921 244.904510 240.870605 238.525238 239.404083 239.848816 238.784210 237.927628 237.499771 238.941010 239.685425 240.918869 241.179276 241.036194 240.062210 239.681290 240.270615 240.370987 239.817001 239.544174 239.639893 238.107773 231.055603 233.581039 236.579636 238.932373 236.644058
247.622696 246.051575 243.486572 244.634811 246.728500 244.730377 245.593079 245.761414 246.995956 247.236008 245.478378 239.310760 240.192474 243.273651 245.117142 244.810547 243.717087 242.793411 241.722397 240.338821 240.032288 234.655899 232.961334 238.895447 240.224701 241.369186 242.456772 241.798981 241.904236 241.595413 244.174347 243.559662 241.279083 239.597702 240.455460 240.528702 239.911407 239.347580 238.941544 238.821976 239.614746 239.535995 239.541595 240.322708 240.369965 235.867386 238.114426 238.968597 237.264664 235.819183 236.929749 238.564972 230.228683 232.499802 234.902451 236.349777 239.741043
249.773193 246.022659 244.440765 245.817001 242.842621 247.226547 246.936646 246.421280 247.039337 247.251923 246.225937 239.203552 237.166183 244.044312 245.895279 245.384140 244.559723 242.956451 241.640701 241.224182 242.201584 236.892166 238.575806 234.810837 240.598190 240.835052 239.560577 239.101883 240.024170 241.454330 242.181030 242.012970 239.946625 241.428955 242.164154 242.734161 241.173340 239.764664 239.243210 242.738632 242.739670 242.462540 239.255112 240.607529 240.884979 240.592407 236.769928 240.735626 234.360916 238.749344 238.705795 233.463211 237.569183 232.306915 239.749863 236.030792 232.722748
248.728149 246.187805 245.219177 248.895401 244.253601 245.155838 240.338791 240.603409 246.669418 246.567078 246.722733 242.525848 242.849075 247.430862 239.836319 238.409637 245.029007 242.634552 240.917786 235.198868 242.467056 242.269318 239.338058 240.781021 242.126877 241.115997 238.804443 237.521088 238.623032 240.634949 242.062561 241.842957 240.854248 241.142120 243.061340 244.244217 243.249969 241.937698 241.401596 242.022888 241.570099 245.651840 240.253586 241.502441 240.906647 237.646988 235.777176 239.240921 236.018585 235.838104 235.074738 237.158035 235.005066 234.813141 235.981506 235.236923 235.102188
245.954285 246.014954 247.698715 250.656250 250.840179 246.711792 240.439575 241.185455 246.707489 246.836533 246.417313 242.474670 244.928589 248.386536 248.056152 246.729050 241.146362 238.040359 240.918213 240.410706 240.896301 241.019073 239.974564 237.365417 242.240784 240.402206 237.967194 236.436539 236.995148 239.173218 240.859268 240.760849 239.749268 239.430450 240.717606 242.207474 242.310898 241.531937 241.445709 241.784714 240.573776 246.432999 241.731003 242.258759 239.982803 237.778915 236.909256 237.052612 235.757065 233.916183 233.092773 237.265762 234.910767 235.594833 236.279114 237.557571 237.438492
249.156479 247.722916 245.497223 250.046417 250.095627 250.940796 242.249496 242.543259 243.633224 247.287308 243.424850 242.269211 245.831924 247.904770 244.434692 241.357071 240.386459 243.724991 241.554779 240.766052 240.935211 241.381149 240.921249 242.415253 241.725174 239.708572 237.192215 235.778214 236.437225 238.209427 239.581039 238.782867 237.228943 236.234177 236.424622 240.364426 240.487000 242.485291 243.221649 244.302536 244.290558 245.231903 239.652328 243.243820 240.808487 242.696243 242.468735 242.181076 232.932388 235.210251 230.304047 239.112198 238.464325 238.051315 239.504181 237.066162 238.310287
